Table 1: Demographic and Clinical Characteristics - Asthma - Ever
	Total	SABA only	ICS (Low/Medium Dose)	ICS (High Dose)	Other

1	  1331617 (100.0)	  134,067 (100.0)	  626,669 (100.0)	  102,787 (100.0)	  468,094 (100.0)

Grouped age
1	  432,689 (32.5)	   45,702 (34.1)	  150,222 (24.0)	   19,156 (18.6)	  217,609 (46.5)
2	  244,294 (18.3)	   26,951 (20.1)	  111,304 (17.8)	   18,789 (18.3)	   87,250 (18.6)
3	  262,218 (19.7)	   26,616 (19.9)	  134,045 (21.4)	   24,165 (23.5)	   77,392 (16.5)
4	  187,939 (14.1)	   17,100 (12.8)	  108,307 (17.3)	   19,258 (18.7)	   43,274 (9.2)
5	  134,676 (10.1)	   11,204 (8.4)	   81,517 (13.0)	   14,109 (13.7)	   27,846 (5.9)
6	   69,801 (5.2)	    6,494 (4.8)	   41,274 (6.6)	    7,310 (7.1)	   14,723 (3.1)

Male
0	  776,914 (58.3)	   76,804 (57.3)	  373,481 (59.6)	   63,477 (61.8)	  263,152 (56.2)
1	  554,703 (41.7)	   57,263 (42.7)	  253,188 (40.4)	   39,310 (38.2)	  204,942 (43.8)

Grouped BMI
1	   19,836 (1.5)	    2,010 (1.5)	    7,915 (1.3)	    1,170 (1.1)	    8,741 (1.9)
2	  351,622 (26.4)	   34,235 (25.5)	  157,245 (25.1)	   21,342 (20.8)	  138,800 (29.7)
3	  407,283 (30.6)	   39,755 (29.7)	  201,444 (32.1)	   31,231 (30.4)	  134,853 (28.8)
4	  247,516 (18.6)	   24,589 (18.3)	  125,337 (20.0)	   22,642 (22.0)	   74,948 (16.0)
5	  116,197 (8.7)	   11,785 (8.8)	   58,425 (9.3)	   12,059 (11.7)	   33,928 (7.2)
6	   70,474 (5.3)	    7,409 (5.5)	   35,118 (5.6)	    8,367 (8.1)	   19,580 (4.2)
.	  118,689 (8.9)	   14,284 (10.7)	   41,185 (6.6)	    5,976 (5.8)	   57,244 (12.2)

Smoking status
1	  609,019 (45.7)	   55,839 (41.7)	  276,387 (44.1)	   41,881 (40.7)	  234,912 (50.2)
2	  515,002 (38.7)	   51,517 (38.4)	  260,950 (41.6)	   44,810 (43.6)	  157,725 (33.7)
3	  205,207 (15.4)	   26,385 (19.7)	   88,942 (14.2)	   16,045 (15.6)	   73,835 (15.8)
.	    2,389 (0.2)	      326 (0.2)	      390 (0.1)	       51 (0.0)	    1,622 (0.3)

Ethnicity
1	  914,237 (68.7)	   91,660 (68.4)	  439,886 (70.2)	   72,447 (70.5)	  310,244 (66.3)
2	   13,360 (1.0)	    1,196 (0.9)	    5,199 (0.8)	      857 (0.8)	    6,108 (1.3)
3	   74,371 (5.6)	    6,909 (5.2)	   33,283 (5.3)	    5,943 (5.8)	   28,236 (6.0)
4	   21,046 (1.6)	    1,840 (1.4)	    8,357 (1.3)	    1,481 (1.4)	    9,368 (2.0)
5	   12,524 (0.9)	    1,067 (0.8)	    4,991 (0.8)	      895 (0.9)	    5,571 (1.2)
.	  296,079 (22.2)	   31,395 (23.4)	  134,953 (21.5)	   21,164 (20.6)	  108,567 (23.2)

Index of Multiple Deprivation (IMD)
1	  268,992 (20.2)	   25,789 (19.2)	  127,762 (20.4)	   18,077 (17.6)	   97,364 (20.8)
2	  270,370 (20.3)	   26,579 (19.8)	  127,670 (20.4)	   19,236 (18.7)	   96,885 (20.7)
3	  267,910 (20.1)	   27,127 (20.2)	  125,581 (20.0)	   20,557 (20.0)	   94,645 (20.2)
4	  271,772 (20.4)	   28,145 (21.0)	  126,466 (20.2)	   22,183 (21.6)	   94,978 (20.3)
5	  252,573 (19.0)	   26,427 (19.7)	  119,190 (19.0)	   22,734 (22.1)	   84,222 (18.0)
.	        0 (0.0)	        0 (0.0)	        0 (0.0)	        0 (0.0)	        0 (0.0)

Diabetes Severity
1	  1166523 (87.6)	  115,897 (86.4)	  539,225 (86.0)	   84,486 (82.2)	  426,915 (91.2)
2	  109,626 (8.2)	   11,003 (8.2)	   59,263 (9.5)	   12,433 (12.1)	   26,927 (5.8)
3	   51,097 (3.8)	    6,734 (5.0)	   26,168 (4.2)	    5,539 (5.4)	   12,656 (2.7)
4	    4,371 (0.3)	      433 (0.3)	    2,013 (0.3)	      329 (0.3)	    1,596 (0.3)
.	        0 (0.0)	        0 (0.0)	        0 (0.0)	        0 (0.0)	        0 (0.0)



Single SABA
0	  685,871 (51.5)	        0 (0.0)	  197,020 (31.4)	   23,349 (22.7)	  465,502 (99.4)
1	  645,746 (48.5)	  134,067 (100.0)	  429,649 (68.6)	   79,438 (77.3)	    2,592 (0.6)

High Dose ICS
0	  1225892 (92.1)	  134,067 (100.0)	  623,731 (99.5)	        0 (0.0)	  468,094 (100.0)
1	  105,725 (7.9)	        0 (0.0)	    2,938 (0.5)	  102,787 (100.0)	        0 (0.0)

Low/Medium Dose ICS
0	  697,341 (52.4)	  134,067 (100.0)	        0 (0.0)	   95,180 (92.6)	  468,094 (100.0)
1	  634,276 (47.6)	        0 (0.0)	  626,669 (100.0)	    7,607 (7.4)	        0 (0.0)

Single ICS
0	  1028486 (77.2)	  134,067 (100.0)	  333,984 (53.3)	   92,341 (89.8)	  468,094 (100.0)
1	  303,131 (22.8)	        0 (0.0)	  292,685 (46.7)	   10,446 (10.2)	        0 (0.0)

Single SAMA
0	  1328635 (99.8)	  133,916 (99.9)	  624,986 (99.7)	  101,879 (99.1)	  467,854 (99.9)
1	    2,982 (0.2)	      151 (0.1)	    1,683 (0.3)	      908 (0.9)	      240 (0.1)

Single LABA
0	  1322863 (99.3)	  133,475 (99.6)	  620,590 (99.0)	  101,253 (98.5)	  467,545 (99.9)
1	    8,754 (0.7)	      592 (0.4)	    6,079 (1.0)	    1,534 (1.5)	      549 (0.1)

Single LAMA
0	  1315019 (98.8)	  134,067 (100.0)	  618,482 (98.7)	   94,376 (91.8)	  468,094 (100.0)
1	   16,598 (1.2)	        0 (0.0)	    8,187 (1.3)	    8,411 (8.2)	        0 (0.0)

LABA ICS
0	  892,590 (67.0)	  134,067 (100.0)	  282,495 (45.1)	    7,934 (7.7)	  468,094 (100.0)
1	  439,027 (33.0)	        0 (0.0)	  344,174 (54.9)	   94,853 (92.3)	        0 (0.0)

LABA LAMA
0	  1331247 (100.0)	  134,067 (100.0)	  626,424 (100.0)	  102,662 (99.9)	  468,094 (100.0)
1	      370 (0.0)	        0 (0.0)	      245 (0.0)	      125 (0.1)	        0 (0.0)

LABA LAMA ICS
0	  1330306 (99.9)	  134,067 (100.0)	  625,445 (99.8)	  102,700 (99.9)	  468,094 (100.0)
1	    1,311 (0.1)	        0 (0.0)	    1,224 (0.2)	       87 (0.1)	        0 (0.0)

Single LTRA
0	  1260614 (94.7)	  134,067 (100.0)	  585,836 (93.5)	   79,591 (77.4)	  461,120 (98.5)
1	   71,003 (5.3)	        0 (0.0)	   40,833 (6.5)	   23,196 (22.6)	    6,974 (1.5)

Chronic kidney disease
0	  1267805 (95.2)	  127,652 (95.2)	  590,200 (94.2)	   95,596 (93.0)	  454,357 (97.1)
1	   63,812 (4.8)	    6,415 (4.8)	   36,469 (5.8)	    7,191 (7.0)	   13,737 (2.9)

Diagnosed hypertension
0	  1012153 (76.0)	  102,384 (76.4)	  445,718 (71.1)	   68,346 (66.5)	  395,705 (84.5)
1	  319,464 (24.0)	   31,683 (23.6)	  180,951 (28.9)	   34,441 (33.5)	   72,389 (15.5)

Heart Failure
0	  1308018 (98.2)	  131,457 (98.1)	  613,614 (97.9)	   99,739 (97.0)	  463,208 (99.0)
1	   23,599 (1.8)	    2,610 (1.9)	   13,055 (2.1)	    3,048 (3.0)	    4,886 (1.0)

Other Heart Diseases
0	  1249122 (93.8)	  125,358 (93.5)	  581,436 (92.8)	   93,458 (90.9)	  448,870 (95.9)
1	   82,495 (6.2)	    8,709 (6.5)	   45,233 (7.2)	    9,329 (9.1)	   19,224 (4.1)

Cancer
0	  1261548 (94.7)	  126,917 (94.7)	  588,065 (93.8)	   95,914 (93.3)	  450,652 (96.3)
1	   70,069 (5.3)	    7,150 (5.3)	   38,604 (6.2)	    6,873 (6.7)	   17,442 (3.7)

Recent Statin
0	  1102507 (82.8)	  111,819 (83.4)	  490,392 (78.3)	   76,160 (74.1)	  424,136 (90.6)
1	  229,110 (17.2)	   22,248 (16.6)	  136,277 (21.7)	   26,627 (25.9)	   43,958 (9.4)

Flu vaccine
0	  699,014 (52.5)	   83,925 (62.6)	  252,203 (40.2)	   37,038 (36.0)	  325,848 (69.6)
1	  632,603 (47.5)	   50,142 (37.4)	  374,466 (59.8)	   65,749 (64.0)	  142,246 (30.4)

Pneumococcal Vaccine
0	  1239495 (93.1)	  126,138 (94.1)	  574,530 (91.7)	   92,694 (90.2)	  446,133 (95.3)
1	   92,122 (6.9)	    7,929 (5.9)	   52,139 (8.3)	   10,093 (9.8)	   21,961 (4.7)

Exacerbation in last year
0	  1115285 (83.8)	  115,205 (85.9)	  502,097 (80.1)	   65,667 (63.9)	  432,316 (92.4)
1	  216,332 (16.2)	   18,862 (14.1)	  124,572 (19.9)	   37,120 (36.1)	   35,778 (7.6)

Immunosuppressed (combination algorithm)
0	  1327565 (99.7)	  133,593 (99.6)	  624,842 (99.7)	  102,464 (99.7)	  466,666 (99.7)
1	    4,052 (0.3)	      474 (0.4)	    1,827 (0.3)	      323 (0.3)	    1,428 (0.3)

GP consultation count
Median (IQR)	6 (3-12)	6 (3-12)	7 (4-13)	9 (5-16)	5 (2-10)
Mean (SD)	9.3 (10.88)	9.3 (10.72)	10.21 (11.21)	12.75 (13.47)	7.32 (9.39)
Min, Max	0, 604	0, 296	0, 548	0, 604	0, 604
Exacerbation Count
Median (IQR)	0 (0-0)	0 (0-0)	0 (0-0)	0 (0-1)	0 (0-0)
Mean (SD)	.3 (1.03)	.24 (.94)	.35 (1.09)	.81 (1.71)	.13 (.68)
Min, Max	0, 17	0, 16	0, 17	0, 17	0, 16
Age (years)
Median (IQR)	49 (35-62)	48 (34-60)	53 (40-66)	55 (44-67)	41 (29-55)
Mean (SD)	49.32 (17.9)	48.23 (17.45)	53.06 (17.39)	55.02 (16.35)	43.38 (17.29)
Min, Max	18, 106	18, 106	18, 106	18, 106	18, 105
