Table 1: Demographic and Clinical Characteristics - Asthma
	Total	SABA only	ICS (Low/Medium Dose)	ICS (High Dose)	Other

1	  1285035 (100.0)	  108,380 (100.0)	  608,583 (100.0)	  101,010 (100.0)	  467,062 (100.0)

Grouped age
1	  417,254 (32.5)	   36,237 (33.4)	  144,889 (23.8)	   18,816 (18.6)	  217,312 (46.5)
2	  235,356 (18.3)	   22,051 (20.3)	  107,786 (17.7)	   18,454 (18.3)	   87,065 (18.6)
3	  253,115 (19.7)	   21,846 (20.2)	  130,346 (21.4)	   23,742 (23.5)	   77,181 (16.5)
4	  181,865 (14.2)	   13,965 (12.9)	  105,828 (17.4)	   18,956 (18.8)	   43,116 (9.2)
5	  130,554 (10.2)	    9,206 (8.5)	   79,729 (13.1)	   13,888 (13.7)	   27,731 (5.9)
6	   66,891 (5.2)	    5,075 (4.7)	   40,005 (6.6)	    7,154 (7.1)	   14,657 (3.1)

Male
0	  750,041 (58.4)	   61,799 (57.0)	  363,282 (59.7)	   62,444 (61.8)	  262,516 (56.2)
1	  534,994 (41.6)	   46,581 (43.0)	  245,301 (40.3)	   38,566 (38.2)	  204,546 (43.8)

Grouped BMI
1	   19,134 (1.5)	    1,636 (1.5)	    7,618 (1.3)	    1,148 (1.1)	    8,732 (1.9)
2	  340,536 (26.5)	   28,126 (26.0)	  152,943 (25.1)	   20,937 (20.7)	  138,530 (29.7)
3	  394,590 (30.7)	   32,856 (30.3)	  196,437 (32.3)	   30,752 (30.4)	  134,545 (28.8)
4	  239,220 (18.6)	   20,060 (18.5)	  122,118 (20.1)	   22,281 (22.1)	   74,761 (16.0)
5	  112,039 (8.7)	    9,494 (8.8)	   56,827 (9.3)	   11,878 (11.8)	   33,840 (7.2)
6	   67,768 (5.3)	    5,930 (5.5)	   34,079 (5.6)	    8,243 (8.2)	   19,516 (4.2)
.	  111,748 (8.7)	   10,278 (9.5)	   38,561 (6.3)	    5,771 (5.7)	   57,138 (12.2)

Smoking status
1	  589,698 (45.9)	   45,361 (41.9)	  268,746 (44.2)	   41,200 (40.8)	  234,391 (50.2)
2	  497,853 (38.7)	   42,250 (39.0)	  254,169 (41.8)	   44,111 (43.7)	  157,323 (33.7)
3	  195,370 (15.2)	   20,611 (19.0)	   85,366 (14.0)	   15,655 (15.5)	   73,738 (15.8)
.	    2,114 (0.2)	      158 (0.1)	      302 (0.0)	       44 (0.0)	    1,610 (0.3)

Ethnicity
1	  882,703 (68.7)	   74,312 (68.6)	  427,754 (70.3)	   71,237 (70.5)	  309,400 (66.2)
2	   12,970 (1.0)	      983 (0.9)	    5,032 (0.8)	      848 (0.8)	    6,107 (1.3)
3	   72,097 (5.6)	    5,693 (5.3)	   32,353 (5.3)	    5,866 (5.8)	   28,185 (6.0)
4	   20,495 (1.6)	    1,546 (1.4)	    8,141 (1.3)	    1,453 (1.4)	    9,355 (2.0)
5	   12,174 (0.9)	      895 (0.8)	    4,856 (0.8)	      876 (0.9)	    5,547 (1.2)
.	  284,596 (22.1)	   24,951 (23.0)	  130,447 (21.4)	   20,730 (20.5)	  108,468 (23.2)

Index of Multiple Deprivation (IMD)
1	  260,435 (20.3)	   21,069 (19.4)	  124,381 (20.4)	   17,767 (17.6)	   97,218 (20.8)
2	  261,441 (20.3)	   21,697 (20.0)	  124,199 (20.4)	   18,946 (18.8)	   96,599 (20.7)
3	  258,380 (20.1)	   21,978 (20.3)	  121,807 (20.0)	   20,187 (20.0)	   94,408 (20.2)
4	  258,263 (20.1)	   22,389 (20.7)	  120,992 (19.9)	   21,468 (21.3)	   93,414 (20.0)
5	  246,516 (19.2)	   21,247 (19.6)	  117,204 (19.3)	   22,642 (22.4)	   85,423 (18.3)
.	        0 (0.0)	        0 (0.0)	        0 (0.0)	        0 (0.0)	        0 (0.0)

Diabetes Severity
1	  1126195 (87.6)	   93,542 (86.3)	  523,583 (86.0)	   83,022 (82.2)	  426,048 (91.2)
2	  105,767 (8.2)	    8,935 (8.2)	   57,791 (9.5)	   12,233 (12.1)	   26,808 (5.7)
3	   48,858 (3.8)	    5,545 (5.1)	   25,270 (4.2)	    5,434 (5.4)	   12,609 (2.7)
4	    4,215 (0.3)	      358 (0.3)	    1,939 (0.3)	      321 (0.3)	    1,597 (0.3)
.	        0 (0.0)	        0 (0.0)	        0 (0.0)	        0 (0.0)	        0 (0.0)



Single SABA
0	  679,186 (52.9)	        0 (0.0)	  191,771 (31.5)	   22,831 (22.6)	  464,584 (99.5)
1	  605,849 (47.1)	  108,380 (100.0)	  416,812 (68.5)	   78,179 (77.4)	    2,478 (0.5)

High Dose ICS
0	  1181109 (91.9)	  108,380 (100.0)	  605,667 (99.5)	        0 (0.0)	  467,062 (100.0)
1	  103,926 (8.1)	        0 (0.0)	    2,916 (0.5)	  101,010 (100.0)	        0 (0.0)

Low/Medium Dose ICS
0	  668,905 (52.1)	  108,380 (100.0)	        0 (0.0)	   93,463 (92.5)	  467,062 (100.0)
1	  616,130 (47.9)	        0 (0.0)	  608,583 (100.0)	    7,547 (7.5)	        0 (0.0)

Single ICS
0	  994,280 (77.4)	  108,380 (100.0)	  327,894 (53.9)	   90,944 (90.0)	  467,062 (100.0)
1	  290,755 (22.6)	        0 (0.0)	  280,689 (46.1)	   10,066 (10.0)	        0 (0.0)

Single SAMA
0	  1282214 (99.8)	  108,264 (99.9)	  606,954 (99.7)	  100,113 (99.1)	  466,883 (100.0)
1	    2,821 (0.2)	      116 (0.1)	    1,629 (0.3)	      897 (0.9)	      179 (0.0)

Single LABA
0	  1276523 (99.3)	  107,837 (99.5)	  602,628 (99.0)	   99,510 (98.5)	  466,548 (99.9)
1	    8,512 (0.7)	      543 (0.5)	    5,955 (1.0)	    1,500 (1.5)	      514 (0.1)

Single LAMA
0	  1268654 (98.7)	  108,380 (100.0)	  600,539 (98.7)	   92,673 (91.7)	  467,062 (100.0)
1	   16,381 (1.3)	        0 (0.0)	    8,044 (1.3)	    8,337 (8.3)	        0 (0.0)

LABA ICS
0	  853,659 (66.4)	  108,380 (100.0)	  270,615 (44.5)	    7,602 (7.5)	  467,062 (100.0)
1	  431,376 (33.6)	        0 (0.0)	  337,968 (55.5)	   93,408 (92.5)	        0 (0.0)

LABA LAMA
0	  1284675 (100.0)	  108,380 (100.0)	  608,344 (100.0)	  100,889 (99.9)	  467,062 (100.0)
1	      360 (0.0)	        0 (0.0)	      239 (0.0)	      121 (0.1)	        0 (0.0)

LABA LAMA ICS
0	  1283765 (99.9)	  108,380 (100.0)	  607,399 (99.8)	  100,924 (99.9)	  467,062 (100.0)
1	    1,270 (0.1)	        0 (0.0)	    1,184 (0.2)	       86 (0.1)	        0 (0.0)

Single LTRA
0	  1215202 (94.6)	  108,380 (100.0)	  568,123 (93.4)	   77,972 (77.2)	  460,727 (98.6)
1	   69,833 (5.4)	        0 (0.0)	   40,460 (6.6)	   23,038 (22.8)	    6,335 (1.4)

Evidence of obesity (4 categories)
.	        0 (0.0)	        0 (0.0)	        0 (0.0)	        0 (0.0)	        0 (0.0)
1	  866,008 (67.4)	   72,896 (67.3)	  395,559 (65.0)	   58,608 (58.0)	  338,945 (72.6)

Smoking status (missing set to non)
.	        0 (0.0)	        0 (0.0)	        0 (0.0)	        0 (0.0)	        0 (0.0)
1	  591,812 (46.1)	   45,519 (42.0)	  269,048 (44.2)	   41,244 (40.8)	  236,001 (50.5)

Index of Multiple Deprivation (IMD)
.	        0 (0.0)	        0 (0.0)	        0 (0.0)	        0 (0.0)	        0 (0.0)
1	  260,435 (20.3)	   21,069 (19.4)	  124,381 (20.4)	   17,767 (17.6)	   97,218 (20.8)

Chronic kidney disease
0	  1223801 (95.2)	  103,287 (95.3)	  573,168 (94.2)	   93,958 (93.0)	  453,388 (97.1)
1	   61,234 (4.8)	    5,093 (4.7)	   35,415 (5.8)	    7,052 (7.0)	   13,674 (2.9)

Diagnosed hypertension
0	  976,993 (76.0)	   82,562 (76.2)	  432,272 (71.0)	   67,177 (66.5)	  394,982 (84.6)
1	  308,042 (24.0)	   25,818 (23.8)	  176,311 (29.0)	   33,833 (33.5)	   72,080 (15.4)

Heart Failure
0	  1262657 (98.3)	  106,402 (98.2)	  596,019 (97.9)	   98,019 (97.0)	  462,217 (99.0)
1	   22,378 (1.7)	    1,978 (1.8)	   12,564 (2.1)	    2,991 (3.0)	    4,845 (1.0)

Other Heart Diseases
0	  1206042 (93.9)	  101,496 (93.6)	  564,730 (92.8)	   91,872 (91.0)	  447,944 (95.9)
1	   78,993 (6.1)	    6,884 (6.4)	   43,853 (7.2)	    9,138 (9.0)	   19,118 (4.1)

Diabetes Severity
.	        0 (0.0)	        0 (0.0)	        0 (0.0)	        0 (0.0)	        0 (0.0)
1	  1126195 (87.6)	   93,542 (86.3)	  523,583 (86.0)	   83,022 (82.2)	  426,048 (91.2)

Cancer
0	  1217695 (94.8)	  102,684 (94.7)	  571,051 (93.8)	   94,267 (93.3)	  449,693 (96.3)
1	   67,340 (5.2)	    5,696 (5.3)	   37,532 (6.2)	    6,743 (6.7)	   17,369 (3.7)

Recent Statin
0	  1064041 (82.8)	   90,284 (83.3)	  475,645 (78.2)	   74,797 (74.0)	  423,315 (90.6)
1	  220,994 (17.2)	   18,096 (16.7)	  132,938 (21.8)	   26,213 (26.0)	   43,747 (9.4)

Flu vaccine
0	  667,064 (51.9)	   65,150 (60.1)	  240,729 (39.6)	   35,986 (35.6)	  325,199 (69.6)
1	  617,971 (48.1)	   43,230 (39.9)	  367,854 (60.4)	   65,024 (64.4)	  141,863 (30.4)

Pneumococcal Vaccine
0	  1195495 (93.0)	  101,794 (93.9)	  557,468 (91.6)	   91,049 (90.1)	  445,184 (95.3)
1	   89,540 (7.0)	    6,586 (6.1)	   51,115 (8.4)	    9,961 (9.9)	   21,878 (4.7)

Exacerbation in last year
0	  1075873 (83.7)	   93,180 (86.0)	  486,952 (80.0)	   64,309 (63.7)	  431,432 (92.4)
1	  209,162 (16.3)	   15,200 (14.0)	  121,631 (20.0)	   36,701 (36.3)	   35,630 (7.6)

Immunosuppressed (combination algorithm)
0	  1260449 (98.1)	  106,111 (97.9)	  598,384 (98.3)	   99,382 (98.4)	  456,572 (97.8)
1	   24,586 (1.9)	    2,269 (2.1)	   10,199 (1.7)	    1,628 (1.6)	   10,490 (2.2)

GP consultation count
Median (IQR)	6 (3-12)	6 (3-12)	7 (4-13)	9 (5-16)	5 (2-10)
Mean (SD)	9.2645119 (10.776833)	9.2223381 (10.55065)	10.212147 (11.097492)	12.768122 (13.372646)	7.2818127 (9.3170397)
Min, Max	0, 604	0, 286	0, 548	0, 604	0, 604
Exacerbation Count
Median (IQR)	0 (0-0)	0 (0-0)	0 (0-0)	0 (0-1)	0 (0-0)
Mean (SD)	.29648375 (1.0338774)	.24064403 (.94883726)	.351975 (1.0877746)	.81152361 (1.7133644)	.1257499 (.6812305)
Min, Max	0, 17	0, 16	0, 17	0, 17	0, 16
Age (years)
Median (IQR)	49 (35-62)	48 (35-60)	53 (40-66)	55 (44-67)	41 (29-55)
Mean (SD)	49.323132 (17.899579)	48.317088 (17.376871)	53.13109 (17.371096)	55.012355 (16.346357)	43.364412 (17.286746)
Min, Max	18, 106	18, 106	18, 106	18, 106	18, 105
