Table 1: Demographic and Clinical Characteristics - Asthma
	Total	SABA only	ICS (Low/Medium Dose)	ICS (High Dose)	Other

1	  1285855 (100.0)	  108,441 (100.0)	  608,972 (100.0)	  101,077 (100.0)	  467,365 (100.0)

Grouped age
1	  417,459 (32.5)	   36,264 (33.4)	  144,955 (23.8)	   18,836 (18.6)	  217,404 (46.5)
2	  235,490 (18.3)	   22,067 (20.3)	  107,835 (17.7)	   18,459 (18.3)	   87,129 (18.6)
3	  253,288 (19.7)	   21,852 (20.2)	  130,434 (21.4)	   23,752 (23.5)	   77,250 (16.5)
4	  181,994 (14.2)	   13,974 (12.9)	  105,897 (17.4)	   18,970 (18.8)	   43,153 (9.2)
5	  130,684 (10.2)	    9,209 (8.5)	   79,810 (13.1)	   13,904 (13.8)	   27,761 (5.9)
6	   66,940 (5.2)	    5,075 (4.7)	   40,041 (6.6)	    7,156 (7.1)	   14,668 (3.1)

Male
0	  750,523 (58.4)	   61,827 (57.0)	  363,526 (59.7)	   62,487 (61.8)	  262,683 (56.2)
1	  535,332 (41.6)	   46,614 (43.0)	  245,446 (40.3)	   38,590 (38.2)	  204,682 (43.8)

Grouped BMI
1	   19,140 (1.5)	    1,637 (1.5)	    7,623 (1.3)	    1,147 (1.1)	    8,733 (1.9)
2	  340,745 (26.5)	   28,141 (26.0)	  153,022 (25.1)	   20,955 (20.7)	  138,627 (29.7)
3	  394,872 (30.7)	   32,874 (30.3)	  196,599 (32.3)	   30,763 (30.4)	  134,636 (28.8)
4	  239,387 (18.6)	   20,069 (18.5)	  122,212 (20.1)	   22,297 (22.1)	   74,809 (16.0)
5	  112,084 (8.7)	    9,497 (8.8)	   56,837 (9.3)	   11,891 (11.8)	   33,859 (7.2)
6	   67,819 (5.3)	    5,937 (5.5)	   34,102 (5.6)	    8,248 (8.2)	   19,532 (4.2)
.	  111,808 (8.7)	   10,286 (9.5)	   38,577 (6.3)	    5,776 (5.7)	   57,169 (12.2)

Smoking status
1	  590,091 (45.9)	   45,384 (41.9)	  268,922 (44.2)	   41,231 (40.8)	  234,554 (50.2)
2	  498,181 (38.7)	   42,272 (39.0)	  254,334 (41.8)	   44,137 (43.7)	  157,438 (33.7)
3	  195,461 (15.2)	   20,625 (19.0)	   85,414 (14.0)	   15,665 (15.5)	   73,757 (15.8)
.	    2,122 (0.2)	      160 (0.1)	      302 (0.0)	       44 (0.0)	    1,616 (0.3)

Ethnicity
1	  883,635 (68.7)	   74,402 (68.6)	  428,142 (70.3)	   71,303 (70.5)	  309,788 (66.3)
2	   12,941 (1.0)	      978 (0.9)	    5,028 (0.8)	      838 (0.8)	    6,097 (1.3)
3	   72,109 (5.6)	    5,698 (5.3)	   32,357 (5.3)	    5,866 (5.8)	   28,188 (6.0)
4	   20,499 (1.6)	    1,546 (1.4)	    8,139 (1.3)	    1,455 (1.4)	    9,359 (2.0)
5	   12,202 (0.9)	      892 (0.8)	    4,863 (0.8)	      881 (0.9)	    5,566 (1.2)
.	  284,469 (22.1)	   24,925 (23.0)	  130,443 (21.4)	   20,734 (20.5)	  108,367 (23.2)

Index of Multiple Deprivation (IMD)
1	  260,479 (20.3)	   21,087 (19.4)	  124,406 (20.4)	   17,776 (17.6)	   97,210 (20.8)
2	  261,702 (20.4)	   21,705 (20.0)	  124,312 (20.4)	   18,956 (18.8)	   96,729 (20.7)
3	  258,640 (20.1)	   22,016 (20.3)	  121,926 (20.0)	   20,217 (20.0)	   94,481 (20.2)
4	  258,487 (20.1)	   22,392 (20.6)	  121,117 (19.9)	   21,478 (21.2)	   93,500 (20.0)
5	  246,547 (19.2)	   21,241 (19.6)	  117,211 (19.2)	   22,650 (22.4)	   85,445 (18.3)
.	        0 (0.0)	        0 (0.0)	        0 (0.0)	        0 (0.0)	        0 (0.0)

Diabetes Severity
1	  1126834 (87.6)	   93,589 (86.3)	  523,874 (86.0)	   83,064 (82.2)	  426,307 (91.2)
2	  105,907 (8.2)	    8,946 (8.2)	   57,866 (9.5)	   12,254 (12.1)	   26,841 (5.7)
3	   48,890 (3.8)	    5,551 (5.1)	   25,283 (4.2)	    5,436 (5.4)	   12,620 (2.7)
4	    4,224 (0.3)	      355 (0.3)	    1,949 (0.3)	      323 (0.3)	    1,597 (0.3)
.	        0 (0.0)	        0 (0.0)	        0 (0.0)	        0 (0.0)	        0 (0.0)



Single SABA
0	  679,705 (52.9)	        0 (0.0)	  191,964 (31.5)	   22,855 (22.6)	  464,886 (99.5)
1	  606,150 (47.1)	  108,441 (100.0)	  417,008 (68.5)	   78,222 (77.4)	    2,479 (0.5)

High Dose ICS
0	  1181864 (91.9)	  108,441 (100.0)	  606,058 (99.5)	        0 (0.0)	  467,365 (100.0)
1	  103,991 (8.1)	        0 (0.0)	    2,914 (0.5)	  101,077 (100.0)	        0 (0.0)

Low/Medium Dose ICS
0	  669,336 (52.1)	  108,441 (100.0)	        0 (0.0)	   93,530 (92.5)	  467,365 (100.0)
1	  616,519 (47.9)	        0 (0.0)	  608,972 (100.0)	    7,547 (7.5)	        0 (0.0)

Single ICS
0	  994,887 (77.4)	  108,441 (100.0)	  328,092 (53.9)	   90,989 (90.0)	  467,365 (100.0)
1	  290,968 (22.6)	        0 (0.0)	  280,880 (46.1)	   10,088 (10.0)	        0 (0.0)

Single SAMA
0	  1283033 (99.8)	  108,325 (99.9)	  607,342 (99.7)	  100,181 (99.1)	  467,185 (100.0)
1	    2,822 (0.2)	      116 (0.1)	    1,630 (0.3)	      896 (0.9)	      180 (0.0)

Single LABA
0	  1277335 (99.3)	  107,898 (99.5)	  603,012 (99.0)	   99,574 (98.5)	  466,851 (99.9)
1	    8,520 (0.7)	      543 (0.5)	    5,960 (1.0)	    1,503 (1.5)	      514 (0.1)

Single LAMA
0	  1269483 (98.7)	  108,441 (100.0)	  600,935 (98.7)	   92,742 (91.8)	  467,365 (100.0)
1	   16,372 (1.3)	        0 (0.0)	    8,037 (1.3)	    8,335 (8.2)	        0 (0.0)

LABA ICS
0	  854,214 (66.4)	  108,441 (100.0)	  270,790 (44.5)	    7,618 (7.5)	  467,365 (100.0)
1	  431,641 (33.6)	        0 (0.0)	  338,182 (55.5)	   93,459 (92.5)	        0 (0.0)

LABA LAMA
0	  1285498 (100.0)	  108,441 (100.0)	  608,736 (100.0)	  100,956 (99.9)	  467,365 (100.0)
1	      357 (0.0)	        0 (0.0)	      236 (0.0)	      121 (0.1)	        0 (0.0)

LABA LAMA ICS
0	  1284592 (99.9)	  108,441 (100.0)	  607,795 (99.8)	  100,991 (99.9)	  467,365 (100.0)
1	    1,263 (0.1)	        0 (0.0)	    1,177 (0.2)	       86 (0.1)	        0 (0.0)

Single LTRA
0	  1215996 (94.6)	  108,441 (100.0)	  568,504 (93.4)	   78,023 (77.2)	  461,028 (98.6)
1	   69,859 (5.4)	        0 (0.0)	   40,468 (6.6)	   23,054 (22.8)	    6,337 (1.4)

Chronic kidney disease
0	  1224572 (95.2)	  103,341 (95.3)	  573,525 (94.2)	   94,026 (93.0)	  453,680 (97.1)
1	   61,283 (4.8)	    5,100 (4.7)	   35,447 (5.8)	    7,051 (7.0)	   13,685 (2.9)

Diagnosed hypertension
0	  977,445 (76.0)	   82,598 (76.2)	  432,452 (71.0)	   67,206 (66.5)	  395,189 (84.6)
1	  308,410 (24.0)	   25,843 (23.8)	  176,520 (29.0)	   33,871 (33.5)	   72,176 (15.4)

Heart Failure
0	  1263403 (98.3)	  106,459 (98.2)	  596,359 (97.9)	   98,081 (97.0)	  462,504 (99.0)
1	   22,452 (1.7)	    1,982 (1.8)	   12,613 (2.1)	    2,996 (3.0)	    4,861 (1.0)

Other Heart Diseases
0	  1206759 (93.8)	  101,549 (93.6)	  565,066 (92.8)	   91,929 (90.9)	  448,215 (95.9)
1	   79,096 (6.2)	    6,892 (6.4)	   43,906 (7.2)	    9,148 (9.1)	   19,150 (4.1)

Cancer
0	  1218429 (94.8)	  102,740 (94.7)	  571,390 (93.8)	   94,325 (93.3)	  449,974 (96.3)
1	   67,426 (5.2)	    5,701 (5.3)	   37,582 (6.2)	    6,752 (6.7)	   17,391 (3.7)

Recent Statin
0	  1064727 (82.8)	   90,340 (83.3)	  475,969 (78.2)	   74,854 (74.1)	  423,564 (90.6)
1	  221,128 (17.2)	   18,101 (16.7)	  133,003 (21.8)	   26,223 (25.9)	   43,801 (9.4)

Flu vaccine
0	  667,467 (51.9)	   65,191 (60.1)	  240,861 (39.6)	   36,016 (35.6)	  325,399 (69.6)
1	  618,388 (48.1)	   43,250 (39.9)	  368,111 (60.4)	   65,061 (64.4)	  141,966 (30.4)

Pneumococcal Vaccine
0	  1196221 (93.0)	  101,846 (93.9)	  557,804 (91.6)	   91,105 (90.1)	  445,466 (95.3)
1	   89,634 (7.0)	    6,595 (6.1)	   51,168 (8.4)	    9,972 (9.9)	   21,899 (4.7)

Exacerbation in last year
0	  1076578 (83.7)	   93,231 (86.0)	  487,282 (80.0)	   64,351 (63.7)	  431,714 (92.4)
1	  209,277 (16.3)	   15,210 (14.0)	  121,690 (20.0)	   36,726 (36.3)	   35,651 (7.6)

Immunosuppressed (combination algorithm)
0	  1281979 (99.7)	  108,056 (99.6)	  607,221 (99.7)	  100,762 (99.7)	  465,940 (99.7)
1	    3,876 (0.3)	      385 (0.4)	    1,751 (0.3)	      315 (0.3)	    1,425 (0.3)

GP consultation count
Median (IQR)	6 (3-12)	6 (3-12)	7 (4-13)	9 (5-16)	5 (2-10)
Mean (SD)	9.3 (10.87)	9.26 (10.65)	10.25 (11.2)	12.8 (13.48)	7.31 (9.39)
Min, Max	0, 604	0, 296	0, 548	0, 604	0, 604
Exacerbation Count
Median (IQR)	0 (0-0)	0 (0-0)	0 (0-0)	0 (0-1)	0 (0-0)
Mean (SD)	.3 (1.03)	.24 (.95)	.35 (1.09)	.81 (1.71)	.13 (.68)
Min, Max	0, 17	0, 16	0, 17	0, 17	0, 16
Age (years)
Median (IQR)	49 (35-62)	48 (35-60)	53 (40-66)	55 (44-67)	41 (29-55)
Mean (SD)	49.33 (17.9)	48.31 (17.38)	53.13 (17.37)	55.01 (16.35)	43.37 (17.29)
Min, Max	18, 106	18, 106	18, 106	18, 106	18, 105
