Table 1: Demographic and Clinical Characteristics - 
	Total	SABA only	ICS (Low/Medium Dose)	ICS (High Dose)	Other

1	1286997 (100.0)	108583 (100.0)	609474 (100.0)	101104 (100.0)	467836 (100.0)

Grouped age
1	417053 (32.4)	36227 (33.4)	144711 (23.7)	18732 (18.5)	217383 (46.5)
2	235024 (18.3)	22040 (20.3)	107563 (17.6)	18378 (18.2)	87043 (18.6)
3	253542 (19.7)	21893 (20.2)	130480 (21.4)	23755 (23.5)	77414 (16.5)
4	182436 (14.2)	14016 (12.9)	106047 (17.4)	19045 (18.8)	43328 (9.3)
5	131236 (10.2)	9280 (8.5)	80182 (13.2)	13920 (13.8)	27854 (6.0)
6	67706 (5.3)	5127 (4.7)	40491 (6.6)	7274 (7.2)	14814 (3.2)

Male
0	751011 (58.4)	61888 (57.0)	363765 (59.7)	62506 (61.8)	262852 (56.2)
1	535986 (41.6)	46695 (43.0)	245709 (40.3)	38598 (38.2)	204984 (43.8)

Grouped BMI
1	18304 (1.4)	1567 (1.4)	7203 (1.2)	1080 (1.1)	8454 (1.8)
2	326971 (25.4)	26880 (24.8)	146473 (24.0)	19913 (19.7)	133705 (28.6)
3	376758 (29.3)	31327 (28.9)	187224 (30.7)	29108 (28.8)	129099 (27.6)
4	226079 (17.6)	18898 (17.4)	115164 (18.9)	20938 (20.7)	71079 (15.2)
5	104641 (8.1)	8844 (8.1)	52942 (8.7)	10974 (10.9)	31881 (6.8)
6	62772 (4.9)	5486 (5.1)	31477 (5.2)	7593 (7.5)	18216 (3.9)
.	171472 (13.3)	15581 (14.3)	68991 (11.3)	11498 (11.4)	75402 (16.1)

Smoking status
1	591190 (45.9)	45502 (41.9)	269334 (44.2)	41245 (40.8)	235109 (50.3)
2	498102 (38.7)	42282 (38.9)	254359 (41.7)	44142 (43.7)	157319 (33.6)
3	195552 (15.2)	20639 (19.0)	85470 (14.0)	15673 (15.5)	73770 (15.8)
.	2153 (0.2)	160 (0.1)	311 (0.1)	44 (0.0)	1638 (0.4)

Ethnicity
1	883705 (68.7)	74424 (68.5)	428252 (70.3)	71296 (70.5)	309733 (66.2)
2	12973 (1.0)	980 (0.9)	5035 (0.8)	843 (0.8)	6115 (1.3)
3	72285 (5.6)	5716 (5.3)	32437 (5.3)	5872 (5.8)	28260 (6.0)
4	20527 (1.6)	1548 (1.4)	8148 (1.3)	1456 (1.4)	9375 (2.0)
5	12191 (0.9)	894 (0.8)	4863 (0.8)	879 (0.9)	5555 (1.2)
.	285316 (22.2)	25021 (23.0)	130739 (21.5)	20758 (20.5)	108798 (23.3)

Index of Multiple Deprivation (IMD)
1	260920 (20.3)	21138 (19.5)	124593 (20.4)	17785 (17.6)	97404 (20.8)
2	261759 (20.3)	21730 (20.0)	124319 (20.4)	18962 (18.8)	96748 (20.7)
3	258782 (20.1)	22038 (20.3)	122002 (20.0)	20204 (20.0)	94538 (20.2)
4	258576 (20.1)	22394 (20.6)	121170 (19.9)	21482 (21.2)	93530 (20.0)
5	246960 (19.2)	21283 (19.6)	117390 (19.3)	22671 (22.4)	85616 (18.3)
.	0 (0.0)	0 (0.0)	0 (0.0)	0 (0.0)	0 (0.0)



Single SABA
0	680155 (52.8)	0 (0.0)	191961 (31.5)	22840 (22.6)	465354 (99.5)
1	606842 (47.2)	108583 (100.0)	417513 (68.5)	78264 (77.4)	2482 (0.5)

High Dose ICS
0	1182970 (91.9)	108583 (100.0)	606551 (99.5)	0 (0.0)	467836 (100.0)
1	104027 (8.1)	0 (0.0)	2923 (0.5)	101104 (100.0)	0 (0.0)

Low/Medium Dose ICS
0	669969 (52.1)	108583 (100.0)	0 (0.0)	93550 (92.5)	467836 (100.0)
1	617028 (47.9)	0 (0.0)	609474 (100.0)	7554 (7.5)	0 (0.0)

Single ICS
0	995720 (77.4)	108583 (100.0)	328267 (53.9)	91034 (90.0)	467836 (100.0)
1	291277 (22.6)	0 (0.0)	281207 (46.1)	10070 (10.0)	0 (0.0)

Single SAMA
0	1284171 (99.8)	108467 (99.9)	607841 (99.7)	100206 (99.1)	467657 (100.0)
1	2826 (0.2)	116 (0.1)	1633 (0.3)	898 (0.9)	179 (0.0)

Single LABA
0	1278476 (99.3)	108040 (99.5)	603513 (99.0)	99601 (98.5)	467322 (99.9)
1	8521 (0.7)	543 (0.5)	5961 (1.0)	1503 (1.5)	514 (0.1)

Single LAMA
0	1270597 (98.7)	108583 (100.0)	601424 (98.7)	92754 (91.7)	467836 (100.0)
1	16400 (1.3)	0 (0.0)	8050 (1.3)	8350 (8.3)	0 (0.0)

LABA ICS
0	855140 (66.4)	108583 (100.0)	271116 (44.5)	7605 (7.5)	467836 (100.0)
1	431857 (33.6)	0 (0.0)	338358 (55.5)	93499 (92.5)	0 (0.0)

LABA LAMA
0	1286637 (100.0)	108583 (100.0)	609235 (100.0)	100983 (99.9)	467836 (100.0)
1	360 (0.0)	0 (0.0)	239 (0.0)	121 (0.1)	0 (0.0)

LABA LAMA
0	1286637 (100.0)	108583 (100.0)	609235 (100.0)	100983 (99.9)	467836 (100.0)
1	360 (0.0)	0 (0.0)	239 (0.0)	121 (0.1)	0 (0.0)

Single LTRA
0	1217036 (94.6)	108583 (100.0)	568936 (93.3)	78029 (77.2)	461488 (98.6)
1	69961 (5.4)	0 (0.0)	40538 (6.7)	23075 (22.8)	6348 (1.4)

Chronic kidney disease
1	74053 (5.8)	6104 (5.6)	42552 (7.0)	8340 (8.2)	17057 (3.6)
0	199314 (15.5)	17105 (15.8)	74745 (12.3)	8319 (8.2)	99145 (21.2)

COPD
.	0 (0.0)	0 (0.0)	0 (0.0)	0 (0.0)	0 (0.0)
0	1286997 (100.0)	108583 (100.0)	609474 (100.0)	101104 (100.0)	467836 (100.0)

Diagnosed hypertension
1	308073 (23.9)	25828 (23.8)	176353 (28.9)	33849 (33.5)	72043 (15.4)
0	978924 (76.1)	82755 (76.2)	433121 (71.1)	67255 (66.5)	395793 (84.6)

Heart Failure
1	22385 (1.7)	1981 (1.8)	12571 (2.1)	2989 (3.0)	4844 (1.0)
0	1264612 (98.3)	106602 (98.2)	596903 (97.9)	98115 (97.0)	462992 (99.0)

Other Heart Diseases
1	79037 (6.1)	6888 (6.3)	43891 (7.2)	9141 (9.0)	19117 (4.1)
0	1207960 (93.9)	101695 (93.7)	565583 (92.8)	91963 (91.0)	448719 (95.9)

Diabetes
1	158861 (12.3)	14840 (13.7)	85031 (14.0)	18001 (17.8)	40989 (8.8)
0	1128136 (87.7)	93743 (86.3)	524443 (86.0)	83103 (82.2)	426847 (91.2)

Cancer
1	67336 (5.2)	5699 (5.2)	37539 (6.2)	6746 (6.7)	17352 (3.7)
0	1219661 (94.8)	102884 (94.8)	571935 (93.8)	94358 (93.3)	450484 (96.3)

Immunosuppressed (combination algorithm)
1	24615 (1.9)	2271 (2.1)	10218 (1.7)	1630 (1.6)	10496 (2.2)
0	1262382 (98.1)	106312 (97.9)	599256 (98.3)	99474 (98.4)	457340 (97.8)

Infleunza Like Illness
1	15926 (1.2)	1345 (1.2)	7365 (1.2)	1581 (1.6)	5635 (1.2)
0	1271071 (98.8)	107238 (98.8)	602109 (98.8)	99523 (98.4)	462201 (98.8)

Other Respiratory Diseases
.	0 (0.0)	0 (0.0)	0 (0.0)	0 (0.0)	0 (0.0)
0	1286997 (100.0)	108583 (100.0)	609474 (100.0)	101104 (100.0)	467836 (100.0)

Recent Statin
1	221063 (17.2)	18104 (16.7)	132997 (21.8)	26227 (25.9)	43735 (9.3)
0	1065934 (82.8)	90479 (83.3)	476477 (78.2)	74877 (74.1)	424101 (90.7)

Recent Insulin
1	22820 (1.8)	2682 (2.5)	11692 (1.9)	2646 (2.6)	5800 (1.2)
0	1264177 (98.2)	105901 (97.5)	597782 (98.1)	98458 (97.4)	462036 (98.8)

Oral Steroids
1	113638 (8.8)	9135 (8.4)	70802 (11.6)	22571 (22.3)	11130 (2.4)
0	1173359 (91.2)	99448 (91.6)	538672 (88.4)	78533 (77.7)	456706 (97.6)

Flu vaccine
1	566752 (44.0)	39511 (36.4)	338147 (55.5)	59347 (58.7)	129747 (27.7)
0	720245 (56.0)	69072 (63.6)	271327 (44.5)	41757 (41.3)	338089 (72.3)

Pneumococcal Vaccine
1	87711 (6.8)	6459 (5.9)	50148 (8.2)	9754 (9.6)	21350 (4.6)
0	1199286 (93.2)	102124 (94.1)	559326 (91.8)	91350 (90.4)	446486 (95.4)

GP consultation in last year
1	143200 (11.1)	13506 (12.4)	76749 (12.6)	16201 (16.0)	36744 (7.9)
0	1143797 (88.9)	95077 (87.6)	532725 (87.4)	84903 (84.0)	431092 (92.1)

GP consultation count
Median (IQR)	0 (0-0)	0 (0-0)	0 (0-0)	0 (0-0)
Min, Max	0, 1032	0, 886	0, 1032	0, 774
