S1 Table 1: Demographic and Clinical Characteristics - COPD - Sensitivity Exposure Definition
	Total	LABA/LAMA Combination	ICS Dual Combination	ICS Triple Combination	Other

1	  291,805 (100.0)	   43,278 (100.0)	   29,868 (100.0)	   75,342 (100.0)	  143,317 (100.0)

Grouped age
1	    1,232 (0.4)	       85 (0.2)	       91 (0.3)	       93 (0.1)	      963 (0.7)
2	   10,028 (3.4)	    1,060 (2.4)	      872 (2.9)	    1,417 (1.9)	    6,679 (4.7)
3	   40,910 (14.0)	    5,746 (13.3)	    3,872 (13.0)	    8,365 (11.1)	   22,927 (16.0)
4	   80,788 (27.7)	   12,599 (29.1)	    7,920 (26.5)	   21,599 (28.7)	   38,670 (27.0)
5	  104,319 (35.7)	   16,092 (37.2)	   10,863 (36.4)	   29,507 (39.2)	   47,857 (33.4)
6	   54,528 (18.7)	    7,696 (17.8)	    6,250 (20.9)	   14,361 (19.1)	   26,221 (18.3)

Male
0	  133,738 (45.8)	   19,699 (45.5)	   13,990 (46.8)	   34,717 (46.1)	   65,332 (45.6)
1	  158,067 (54.2)	   23,579 (54.5)	   15,878 (53.2)	   40,625 (53.9)	   77,985 (54.4)

Grouped BMI
1	   11,359 (3.9)	    1,682 (3.9)	    1,062 (3.6)	    3,682 (4.9)	    4,933 (3.4)
2	   89,195 (30.6)	   12,938 (29.9)	    8,667 (29.0)	   23,191 (30.8)	   44,399 (31.0)
3	   95,443 (32.7)	   14,011 (32.4)	   10,019 (33.5)	   23,475 (31.2)	   47,938 (33.4)
4	   55,541 (19.0)	    8,590 (19.8)	    6,002 (20.1)	   14,276 (18.9)	   26,673 (18.6)
5	   22,054 (7.6)	    3,568 (8.2)	    2,260 (7.6)	    6,119 (8.1)	   10,107 (7.1)
6	   10,006 (3.4)	    1,580 (3.7)	    1,061 (3.6)	    2,884 (3.8)	    4,481 (3.1)
.	    8,207 (2.8)	      909 (2.1)	      797 (2.7)	    1,715 (2.3)	    4,786 (3.3)

Smoking status
.	        0 (0.0)	        0 (0.0)	        0 (0.0)	        0 (0.0)	        0 (0.0)
2	  184,400 (63.2)	   26,015 (60.1)	   19,656 (65.8)	   50,054 (66.4)	   88,675 (61.9)
3	  107,405 (36.8)	   17,263 (39.9)	   10,212 (34.2)	   25,288 (33.6)	   54,642 (38.1)
.	        0 (0.0)	        0 (0.0)	        0 (0.0)	        0 (0.0)	        0 (0.0)

Ethnicity
1	  218,717 (75.0)	   32,455 (75.0)	   22,388 (75.0)	   57,294 (76.0)	  106,580 (74.4)
2	      676 (0.2)	       92 (0.2)	       54 (0.2)	      132 (0.2)	      398 (0.3)
3	    3,366 (1.2)	      258 (0.6)	      357 (1.2)	      478 (0.6)	    2,273 (1.6)
4	    1,208 (0.4)	      103 (0.2)	      124 (0.4)	      178 (0.2)	      803 (0.6)
5	    1,060 (0.4)	      113 (0.3)	      103 (0.3)	      183 (0.2)	      661 (0.5)
.	   66,778 (22.9)	   10,257 (23.7)	    6,842 (22.9)	   17,077 (22.7)	   32,602 (22.7)

Index of Multiple Deprivation (IMD)
1	   58,902 (20.2)	    8,049 (18.6)	    6,280 (21.0)	   13,613 (18.1)	   30,960 (21.6)
2	   58,779 (20.1)	    8,419 (19.5)	    6,100 (20.4)	   14,519 (19.3)	   29,741 (20.8)
3	   59,175 (20.3)	    8,755 (20.2)	    6,218 (20.8)	   15,017 (19.9)	   29,185 (20.4)
4	   57,633 (19.8)	    8,431 (19.5)	    5,868 (19.6)	   15,766 (20.9)	   27,568 (19.2)
5	   57,316 (19.6)	    9,624 (22.2)	    5,402 (18.1)	   16,427 (21.8)	   25,863 (18.0)
.	        0 (0.0)	        0 (0.0)	        0 (0.0)	        0 (0.0)	        0 (0.0)

Diabetes Severity
1	  221,197 (75.8)	   32,888 (76.0)	   22,705 (76.0)	   56,826 (75.4)	  108,778 (75.9)
2	   51,265 (17.6)	    7,583 (17.5)	    5,207 (17.4)	   13,804 (18.3)	   24,671 (17.2)
3	   18,561 (6.4)	    2,711 (6.3)	    1,872 (6.3)	    4,491 (6.0)	    9,487 (6.6)
4	      782 (0.3)	       96 (0.2)	       84 (0.3)	      221 (0.3)	      381 (0.3)
.	        0 (0.0)	        0 (0.0)	        0 (0.0)	        0 (0.0)	        0 (0.0)



Single SABA
0	  125,025 (42.8)	   12,349 (28.5)	    8,757 (29.3)	   12,787 (17.0)	   91,132 (63.6)
1	  166,780 (57.2)	   30,929 (71.5)	   21,111 (70.7)	   62,555 (83.0)	   52,185 (36.4)

High Dose ICS
0	  266,112 (91.2)	   43,278 (100.0)	   22,200 (74.3)	   57,548 (76.4)	  143,086 (99.8)
1	   25,693 (8.8)	        0 (0.0)	    7,668 (25.7)	   17,794 (23.6)	      231 (0.2)

Low/Medium Dose ICS
0	  204,577 (70.1)	   43,278 (100.0)	    7,286 (24.4)	   15,453 (20.5)	  138,560 (96.7)
1	   87,228 (29.9)	        0 (0.0)	   22,582 (75.6)	   59,889 (79.5)	    4,757 (3.3)

Single ICS
0	  284,499 (97.5)	   43,278 (100.0)	   29,330 (98.2)	   73,557 (97.6)	  138,334 (96.5)
1	    7,306 (2.5)	        0 (0.0)	      538 (1.8)	    1,785 (2.4)	    4,983 (3.5)

Single SAMA
0	  288,487 (98.9)	   43,120 (99.6)	   28,691 (96.1)	   75,034 (99.6)	  141,642 (98.8)
1	    3,318 (1.1)	      158 (0.4)	    1,177 (3.9)	      308 (0.4)	    1,675 (1.2)

Single LABA
0	  283,744 (97.2)	   40,849 (94.4)	   29,405 (98.4)	   74,951 (99.5)	  138,539 (96.7)
1	    8,061 (2.8)	    2,429 (5.6)	      463 (1.6)	      391 (0.5)	    4,778 (3.3)

Single LAMA
0	  204,171 (70.0)	   38,690 (89.4)	   29,868 (100.0)	   29,868 (39.6)	  105,745 (73.8)
1	   87,634 (30.0)	    4,588 (10.6)	        0 (0.0)	   45,474 (60.4)	   37,572 (26.2)

LABA ICS
0	  216,279 (74.1)	   43,278 (100.0)	      255 (0.9)	   29,429 (39.1)	  143,317 (100.0)
1	   75,526 (25.9)	        0 (0.0)	   29,613 (99.1)	   45,913 (60.9)	        0 (0.0)

LABA LAMA
0	  245,652 (84.2)	    1,929 (4.5)	   28,785 (96.4)	   71,621 (95.1)	  143,317 (100.0)
1	   46,153 (15.8)	   41,349 (95.5)	    1,083 (3.6)	    3,721 (4.9)	        0 (0.0)

LABA LAMA ICS
0	  258,774 (88.7)	   43,278 (100.0)	   29,868 (100.0)	   42,311 (56.2)	  143,317 (100.0)
1	   33,031 (11.3)	        0 (0.0)	        0 (0.0)	   33,031 (43.8)	        0 (0.0)

Single LTRA
0	  291,805 (100.0)	   43,278 (100.0)	   29,868 (100.0)	   75,342 (100.0)	  143,317 (100.0)
.	        0 (0.0)	        0 (0.0)	        0 (0.0)	        0 (0.0)	        0 (0.0)

Asthma ever
0	  236,592 (81.1)	   37,705 (87.1)	   21,994 (73.6)	   54,039 (71.7)	  122,854 (85.7)
1	   55,213 (18.9)	    5,573 (12.9)	    7,874 (26.4)	   21,303 (28.3)	   20,463 (14.3)

Chronic kidney disease
0	  241,927 (82.9)	   35,547 (82.1)	   24,515 (82.1)	   62,342 (82.7)	  119,523 (83.4)
1	   49,878 (17.1)	    7,731 (17.9)	    5,353 (17.9)	   13,000 (17.3)	   23,794 (16.6)

COPD
.	        0 (0.0)	        0 (0.0)	        0 (0.0)	        0 (0.0)	        0 (0.0)
1	  291,805 (100.0)	   43,278 (100.0)	   29,868 (100.0)	   75,342 (100.0)	  143,317 (100.0)

Diagnosed hypertension
0	  146,895 (50.3)	   21,595 (49.9)	   14,433 (48.3)	   36,528 (48.5)	   74,339 (51.9)
1	  144,910 (49.7)	   21,683 (50.1)	   15,435 (51.7)	   38,814 (51.5)	   68,978 (48.1)

Heart Failure
0	  267,221 (91.6)	   39,424 (91.1)	   27,365 (91.6)	   67,890 (90.1)	  132,542 (92.5)
1	   24,584 (8.4)	    3,854 (8.9)	    2,503 (8.4)	    7,452 (9.9)	   10,775 (7.5)

Other Heart Diseases
0	  226,356 (77.6)	   33,233 (76.8)	   23,386 (78.3)	   57,728 (76.6)	  112,009 (78.2)
1	   65,449 (22.4)	   10,045 (23.2)	    6,482 (21.7)	   17,614 (23.4)	   31,308 (21.8)

Diabetes
0	  221,197 (75.8)	   32,888 (76.0)	   22,705 (76.0)	   56,826 (75.4)	  108,778 (75.9)
1	   70,608 (24.2)	   10,390 (24.0)	    7,163 (24.0)	   18,516 (24.6)	   34,539 (24.1)

Cancer
0	  251,789 (86.3)	   37,060 (85.6)	   25,788 (86.3)	   64,356 (85.4)	  124,585 (86.9)
1	   40,016 (13.7)	    6,218 (14.4)	    4,080 (13.7)	   10,986 (14.6)	   18,732 (13.1)

Immunosuppressed (combination algorithm)
0	  290,160 (99.4)	   43,073 (99.5)	   29,683 (99.4)	   74,989 (99.5)	  142,415 (99.4)
1	    1,645 (0.6)	      205 (0.5)	      185 (0.6)	      353 (0.5)	      902 (0.6)

Other Respiratory Diseases
0	  291,805 (100.0)	   43,278 (100.0)	   29,868 (100.0)	   75,342 (100.0)	  143,317 (100.0)
.	        0 (0.0)	        0 (0.0)	        0 (0.0)	        0 (0.0)	        0 (0.0)

Recent Statin
0	  150,420 (51.5)	   20,517 (47.4)	   15,362 (51.4)	   35,532 (47.2)	   79,009 (55.1)
1	  141,385 (48.5)	   22,761 (52.6)	   14,506 (48.6)	   39,810 (52.8)	   64,308 (44.9)

Recent Insulin
0	  283,085 (97.0)	   42,053 (97.2)	   28,968 (97.0)	   73,176 (97.1)	  138,888 (96.9)
1	    8,720 (3.0)	    1,225 (2.8)	      900 (3.0)	    2,166 (2.9)	    4,429 (3.1)

Oral Steroids
0	  230,237 (78.9)	   34,141 (78.9)	   22,604 (75.7)	   45,786 (60.8)	  127,706 (89.1)
1	   61,568 (21.1)	    9,137 (21.1)	    7,264 (24.3)	   29,556 (39.2)	   15,611 (10.9)

Flu vaccine
0	   73,828 (25.3)	    8,683 (20.1)	    6,666 (22.3)	   13,238 (17.6)	   45,241 (31.6)
1	  217,977 (74.7)	   34,595 (79.9)	   23,202 (77.7)	   62,104 (82.4)	   98,076 (68.4)

Pneumococcal Vaccine
0	  231,323 (79.3)	   32,266 (74.6)	   23,827 (79.8)	   60,079 (79.7)	  115,151 (80.3)
1	   60,482 (20.7)	   11,012 (25.4)	    6,041 (20.2)	   15,263 (20.3)	   28,166 (19.7)

Exacerbation in last year
0	  236,123 (80.9)	   34,748 (80.3)	   23,527 (78.8)	   54,331 (72.1)	  123,517 (86.2)
1	   55,682 (19.1)	    8,530 (19.7)	    6,341 (21.2)	   21,011 (27.9)	   19,800 (13.8)

GP consultation in last year
0	    8,476 (2.9)	      492 (1.1)	      510 (1.7)	      999 (1.3)	    6,475 (4.5)
1	  283,329 (97.1)	   42,786 (98.9)	   29,358 (98.3)	   74,343 (98.7)	  136,842 (95.5)

GP consultation count
Median (IQR)	9 (5-16)	10 (6-16)	10 (5-16)	11 (6-18)	8 (4-14)
Mean (SD)	12.187396 (11.622789)	12.717362 (11.317122)	12.631914 (11.936831)	13.743105 (12.373556)	11.116881 (11.119912)
Min, Max	0, 306	0, 276	0, 306	0, 229	0, 268
Exacerbation Count
Median (IQR)	0 (0-0)	0 (0-0)	0 (0-0)	0 (0-1)	0 (0-0)
Mean (SD)	.25923134 (.6250151)	.25805259 (.59780755)	.28438463 (.63593037)	.41529293 (.81584255)	.17230336 (.48248757)
Min, Max	0, 12	0, 9	0, 8	0, 12	0, 8
Age (years)
Median (IQR)	71 (63-77)	71 (63-77)	71 (63-78)	72 (64-78)	70 (61-77)
Mean (SD)	69.76143 (10.764341)	70.028282 (10.095239)	70.557185 (10.737818)	70.839333 (9.769043)	68.948352 (11.380913)
Min, Max	35, 103	35, 100	35, 101	35, 102	35, 103
