Table 1: Demographic and Clinical Characteristics - COPD Population
	Total	LABA/LAMA Combination	ICS Combination	Other

1	321339 (100.0)	46475 (14.5)	120839 (37.6)	154025 (47.9)

Grouped age
1	1279 (0.4)	85 (6.6)	206 (16.1)	988 (77.2)
2	10429 (3.2)	1073 (10.3)	2530 (24.3)	6826 (65.5)
3	42999 (13.4)	5921 (13.8)	13402 (31.2)	23676 (55.1)
4	86757 (27.0)	13193 (15.2)	32880 (37.9)	40684 (46.9)
5	116313 (36.2)	17472 (15.0)	46822 (40.3)	52019 (44.7)
6	63562 (19.8)	8731 (13.7)	24999 (39.3)	29832 (46.9)

Male
0	146532 (45.6)	21021 (14.3)	55634 (38.0)	69877 (47.7)
1	174807 (54.4)	25454 (14.6)	65205 (37.3)	84148 (48.1)

Grouped BMI
1	11715 (3.6)	1673 (14.3)	5047 (43.1)	4995 (42.6)
2	92353 (28.7)	12996 (14.1)	34332 (37.2)	45025 (48.8)
3	98703 (30.7)	14111 (14.3)	36266 (36.7)	48326 (49.0)
4	56773 (17.7)	8545 (15.1)	21565 (38.0)	26663 (47.0)
5	22300 (6.9)	3509 (15.7)	8814 (39.5)	9977 (44.7)
6	9941 (3.1)	1524 (15.3)	4090 (41.1)	4327 (43.5)
.	29554 (9.2)	4117 (13.9)	10725 (36.3)	14712 (49.8)

Smoking status
.	0 (0.0)	0 (  .)	0 (  .)	0 (  .)
2	206536 (64.3)	28286 (13.7)	81434 (39.4)	96816 (46.9)
3	114803 (35.7)	18189 (15.8)	39405 (34.3)	57209 (49.8)
.	0 (0.0)	0 (  .)	0 (  .)	0 (  .)

Ethnicity
1	240995 (75.0)	34845 (14.5)	91574 (38.0)	114576 (47.5)
2	736 (0.2)	96 (13.0)	218 (29.6)	422 (57.3)
3	3759 (1.2)	289 (7.7)	1045 (27.8)	2425 (64.5)
4	1335 (0.4)	112 (8.4)	345 (25.8)	878 (65.8)
5	1186 (0.4)	127 (10.7)	349 (29.4)	710 (59.9)
.	73328 (22.8)	11006 (15.0)	27308 (37.2)	35014 (47.7)

Index of Multiple Deprivation (IMD)
1	65228 (20.3)	8675 (13.3)	23007 (35.3)	33546 (51.4)
2	63939 (19.9)	8936 (14.0)	23367 (36.5)	31636 (49.5)
3	64610 (20.1)	9312 (14.4)	24208 (37.5)	31090 (48.1)
4	64754 (20.2)	9235 (14.3)	25336 (39.1)	30183 (46.6)
5	62808 (19.5)	10317 (16.4)	24921 (39.7)	27570 (43.9)
.	0 (0.0)	0 (  .)	0 (  .)	0 (  .)



Single SABA
0	137029 (42.6)	13297 (9.7)	24682 (18.0)	99050 (72.3)
1	184310 (57.4)	33178 (18.0)	96157 (52.2)	54975 (29.8)

High Dose ICS
0	291281 (90.6)	46475 (16.0)	90951 (31.2)	153855 (52.8)
1	30058 (9.4)	0 (0.0)	29888 (99.4)	170 (0.6)

Low/Medium Dose ICS
0	223382 (69.5)	46475 (20.8)	26747 (12.0)	150160 (67.2)
1	97957 (30.5)	0 (0.0)	94092 (96.1)	3865 (3.9)

Single ICS
0	313199 (97.5)	46475 (14.8)	116731 (37.3)	149993 (47.9)
1	8140 (2.5)	0 (0.0)	4108 (50.5)	4032 (49.5)

Single SAMA
0	317596 (98.8)	46304 (14.6)	119109 (37.5)	152183 (47.9)
1	3743 (1.2)	171 (4.6)	1730 (46.2)	1842 (49.2)

Single LABA
0	312578 (97.3)	43824 (14.0)	119859 (38.3)	148895 (47.6)
1	8761 (2.7)	2651 (30.3)	980 (11.2)	5130 (58.6)

Single LAMA
0	223879 (69.7)	41528 (18.5)	67006 (29.9)	115345 (51.5)
1	97460 (30.3)	4947 (5.1)	53833 (55.2)	38680 (39.7)

LABA ICS
0	235387 (73.3)	46475 (19.7)	34887 (14.8)	154025 (65.4)
1	85952 (26.7)	0 (0.0)	85952 (100.0)	0 (0.0)

LABA LAMA
0	271751 (84.6)	2119 (0.8)	115607 (42.5)	154025 (56.7)
1	49588 (15.4)	44356 (89.4)	5232 (10.6)	0 (0.0)

LABA LAMA
0	271751 (84.6)	2119 (0.8)	115607 (42.5)	154025 (56.7)
1	49588 (15.4)	44356 (89.4)	5232 (10.6)	0 (0.0)

Single LTRA
0	319020 (99.3)	46341 (14.5)	118954 (37.3)	153725 (48.2)
1	2319 (0.7)	134 (5.8)	1885 (81.3)	300 (12.9)

Chronic kidney disease
1	64505 (20.1)	9614 (14.9)	24555 (38.1)	30336 (47.0)
0	10286 (3.2)	1334 (13.0)	3337 (32.4)	5615 (54.6)

COPD
1	321333 (100.0)	46475 (14.5)	120839 (37.6)	154019 (47.9)
0	6 (0.0)	0 (0.0)	0 (0.0)	6 (100.0)

Diagnosed hypertension
1	160917 (50.1)	23471 (14.6)	62676 (38.9)	74770 (46.5)
0	160422 (49.9)	23004 (14.3)	58163 (36.3)	79255 (49.4)

Other Heart Diseases
1	73901 (23.0)	11032 (14.9)	28505 (38.6)	34364 (46.5)
0	247438 (77.0)	35443 (14.3)	92334 (37.3)	119661 (48.4)

Diabetes
1	78755 (24.5)	11309 (14.4)	30006 (38.1)	37440 (47.5)
0	242584 (75.5)	35166 (14.5)	90833 (37.4)	116585 (48.1)

Cancer
1	45247 (14.1)	6824 (15.1)	17734 (39.2)	20689 (45.7)
0	276092 (85.9)	39651 (14.4)	103105 (37.3)	133336 (48.3)

Immunosuppressed (combination algorithm)
1	1854 (0.6)	223 (12.0)	645 (34.8)	986 (53.2)
0	319485 (99.4)	46252 (14.5)	120194 (37.6)	153039 (47.9)

Infleunza Like Illness
1	78755 (24.5)	11309 (14.4)	30006 (38.1)	37440 (47.5)
0	242584 (75.5)	35166 (14.5)	90833 (37.4)	116585 (48.1)

Other Respiratory Diseases
1	27459 (8.5)	3067 (11.2)	12614 (45.9)	11778 (42.9)
0	293880 (91.5)	43408 (14.8)	108225 (36.8)	142247 (48.4)

Recent Statin
1	156663 (48.8)	24573 (15.7)	62679 (40.0)	69411 (44.3)
0	164676 (51.2)	21902 (13.3)	58160 (35.3)	84614 (51.4)

Recent Insulin
1	9777 (3.0)	1338 (13.7)	3603 (36.9)	4836 (49.5)
0	311562 (97.0)	45137 (14.5)	117236 (37.6)	149189 (47.9)

Oral Steroids
1	69707 (21.7)	9979 (14.3)	42876 (61.5)	16852 (24.2)
0	251632 (78.3)	36496 (14.5)	77963 (31.0)	137173 (54.5)

Flu vaccine
1	13101 (4.1)	2149 (16.4)	5194 (39.6)	5758 (44.0)
0	308238 (95.9)	44326 (14.4)	115645 (37.5)	148267 (48.1)

Pneumococcal Vaccine
1	9832 (3.1)	1696 (17.2)	3565 (36.3)	4571 (46.5)
0	311507 (96.9)	44779 (14.4)	117274 (37.6)	149454 (48.0)

At least one GP consultation
1	71738 (22.3)	10148 (14.1)	27173 (37.9)	34417 (48.0)
0	249601 (77.7)	36327 (14.6)	93666 (37.5)	119608 (47.9)

