S1 Table 1: Demographic and Clinical Characteristics - COPD - Sensitivity Exposure Definition
	Total	LABA/LAMA Combination	ICS Dual Combination	ICS Triple Combination	Other

1	  291,825 (100.0)	   43,276 (100.0)	   31,230 (100.0)	   75,354 (100.0)	  141,965 (100.0)

Grouped age
1	    1,232 (0.4)	       85 (0.2)	       98 (0.3)	       94 (0.1)	      955 (0.7)
2	   10,025 (3.4)	    1,060 (2.4)	      918 (2.9)	    1,418 (1.9)	    6,629 (4.7)
3	   40,908 (14.0)	    5,746 (13.3)	    4,040 (12.9)	    8,366 (11.1)	   22,756 (16.0)
4	   80,784 (27.7)	   12,595 (29.1)	    8,264 (26.5)	   21,602 (28.7)	   38,323 (27.0)
5	  104,338 (35.8)	   16,096 (37.2)	   11,371 (36.4)	   29,511 (39.2)	   47,360 (33.4)
6	   54,538 (18.7)	    7,694 (17.8)	    6,539 (20.9)	   14,363 (19.1)	   25,942 (18.3)

Male
0	  133,750 (45.8)	   19,696 (45.5)	   14,666 (47.0)	   34,721 (46.1)	   64,667 (45.6)
1	  158,075 (54.2)	   23,580 (54.5)	   16,564 (53.0)	   40,633 (53.9)	   77,298 (54.4)

Grouped BMI
1	   11,356 (3.9)	    1,682 (3.9)	    1,114 (3.6)	    3,681 (4.9)	    4,879 (3.4)
2	   89,184 (30.6)	   12,935 (29.9)	    9,103 (29.1)	   23,193 (30.8)	   43,953 (31.0)
3	   95,463 (32.7)	   14,009 (32.4)	   10,470 (33.5)	   23,482 (31.2)	   47,502 (33.5)
4	   55,545 (19.0)	    8,587 (19.8)	    6,237 (20.0)	   14,278 (18.9)	   26,443 (18.6)
5	   22,063 (7.6)	    3,572 (8.3)	    2,363 (7.6)	    6,121 (8.1)	   10,007 (7.0)
6	   10,008 (3.4)	    1,579 (3.6)	    1,109 (3.6)	    2,885 (3.8)	    4,435 (3.1)
.	    8,206 (2.8)	      912 (2.1)	      834 (2.7)	    1,714 (2.3)	    4,746 (3.3)

Smoking status
.	        0 (0.0)	        0 (0.0)	        0 (0.0)	        0 (0.0)	        0 (0.0)
2	  184,415 (63.2)	   26,011 (60.1)	   20,550 (65.8)	   50,049 (66.4)	   87,805 (61.8)
3	  107,410 (36.8)	   17,265 (39.9)	   10,680 (34.2)	   25,305 (33.6)	   54,160 (38.2)
.	        0 (0.0)	        0 (0.0)	        0 (0.0)	        0 (0.0)	        0 (0.0)

Ethnicity
1	  218,731 (75.0)	   32,453 (75.0)	   23,398 (74.9)	   57,304 (76.0)	  105,576 (74.4)
2	      674 (0.2)	       92 (0.2)	       57 (0.2)	      131 (0.2)	      394 (0.3)
3	    3,365 (1.2)	      258 (0.6)	      373 (1.2)	      476 (0.6)	    2,258 (1.6)
4	    1,210 (0.4)	      103 (0.2)	      130 (0.4)	      178 (0.2)	      799 (0.6)
5	    1,058 (0.4)	      113 (0.3)	      111 (0.4)	      184 (0.2)	      650 (0.5)
.	   66,787 (22.9)	   10,257 (23.7)	    7,161 (22.9)	   17,081 (22.7)	   32,288 (22.7)

Index of Multiple Deprivation (IMD)
1	   58,961 (20.2)	    8,055 (18.6)	    6,537 (20.9)	   13,628 (18.1)	   30,741 (21.7)
2	   58,783 (20.1)	    8,426 (19.5)	    6,396 (20.5)	   14,527 (19.3)	   29,434 (20.7)
3	   59,164 (20.3)	    8,748 (20.2)	    6,524 (20.9)	   15,010 (19.9)	   28,882 (20.3)
4	   57,620 (19.7)	    8,422 (19.5)	    6,133 (19.6)	   15,768 (20.9)	   27,297 (19.2)
5	   57,297 (19.6)	    9,625 (22.2)	    5,640 (18.1)	   16,421 (21.8)	   25,611 (18.0)
.	        0 (0.0)	        0 (0.0)	        0 (0.0)	        0 (0.0)	        0 (0.0)

Diabetes Severity
1	  221,210 (75.8)	   32,884 (76.0)	   23,707 (75.9)	   56,837 (75.4)	  107,782 (75.9)
2	   51,260 (17.6)	    7,583 (17.5)	    5,461 (17.5)	   13,805 (18.3)	   24,411 (17.2)
3	   18,572 (6.4)	    2,712 (6.3)	    1,974 (6.3)	    4,491 (6.0)	    9,395 (6.6)
4	      783 (0.3)	       97 (0.2)	       88 (0.3)	      221 (0.3)	      377 (0.3)
.	        0 (0.0)	        0 (0.0)	        0 (0.0)	        0 (0.0)	        0 (0.0)



Single SABA
0	  125,029 (42.8)	   12,351 (28.5)	    9,058 (29.0)	   12,785 (17.0)	   90,835 (64.0)
1	  166,796 (57.2)	   30,925 (71.5)	   22,172 (71.0)	   62,569 (83.0)	   51,130 (36.0)

High Dose ICS
0	  266,115 (91.2)	   43,276 (100.0)	   23,453 (75.1)	   57,551 (76.4)	  141,835 (99.9)
1	   25,710 (8.8)	        0 (0.0)	    7,777 (24.9)	   17,803 (23.6)	      130 (0.1)

Low/Medium Dose ICS
0	  204,589 (70.1)	   43,276 (100.0)	    7,390 (23.7)	   15,460 (20.5)	  138,463 (97.5)
1	   87,236 (29.9)	        0 (0.0)	   23,840 (76.3)	   59,894 (79.5)	    3,502 (2.5)

Single ICS
0	  284,518 (97.5)	   43,276 (100.0)	   29,338 (93.9)	   73,569 (97.6)	  138,335 (97.4)
1	    7,307 (2.5)	        0 (0.0)	    1,892 (6.1)	    1,785 (2.4)	    3,630 (2.6)

Single SAMA
0	  288,504 (98.9)	   43,117 (99.6)	   30,045 (96.2)	   75,046 (99.6)	  140,296 (98.8)
1	    3,321 (1.1)	      159 (0.4)	    1,185 (3.8)	      308 (0.4)	    1,669 (1.2)

Single LABA
0	  283,764 (97.2)	   40,846 (94.4)	   30,767 (98.5)	   74,963 (99.5)	  137,188 (96.6)
1	    8,061 (2.8)	    2,430 (5.6)	      463 (1.5)	      391 (0.5)	    4,777 (3.4)

Single LAMA
0	  204,166 (70.0)	   38,687 (89.4)	   29,877 (95.7)	   29,870 (39.6)	  105,732 (74.5)
1	   87,659 (30.0)	    4,589 (10.6)	    1,353 (4.3)	   45,484 (60.4)	   36,233 (25.5)

LABA ICS
0	  216,281 (74.1)	   43,276 (100.0)	    1,608 (5.1)	   29,432 (39.1)	  141,965 (100.0)
1	   75,544 (25.9)	        0 (0.0)	   29,622 (94.9)	   45,922 (60.9)	        0 (0.0)

LABA LAMA
0	  245,675 (84.2)	    1,930 (4.5)	   30,147 (96.5)	   71,633 (95.1)	  141,965 (100.0)
1	   46,150 (15.8)	   41,346 (95.5)	    1,083 (3.5)	    3,721 (4.9)	        0 (0.0)

LABA LAMA ICS
0	  258,791 (88.7)	   43,276 (100.0)	   31,230 (100.0)	   42,320 (56.2)	  141,965 (100.0)
1	   33,034 (11.3)	        0 (0.0)	        0 (0.0)	   33,034 (43.8)	        0 (0.0)

Single LTRA
0	  291,825 (100.0)	   43,276 (100.0)	   31,230 (100.0)	   75,354 (100.0)	  141,965 (100.0)
.	        0 (0.0)	        0 (0.0)	        0 (0.0)	        0 (0.0)	        0 (0.0)

Asthma ever
0	  236,606 (81.1)	   37,702 (87.1)	   22,976 (73.6)	   54,053 (71.7)	  121,875 (85.8)
1	   55,219 (18.9)	    5,574 (12.9)	    8,254 (26.4)	   21,301 (28.3)	   20,090 (14.2)

Chronic kidney disease
0	  241,951 (82.9)	   35,550 (82.1)	   25,638 (82.1)	   62,353 (82.7)	  118,410 (83.4)
1	   49,874 (17.1)	    7,726 (17.9)	    5,592 (17.9)	   13,001 (17.3)	   23,555 (16.6)

COPD
.	        0 (0.0)	        0 (0.0)	        0 (0.0)	        0 (0.0)	        0 (0.0)
1	  291,825 (100.0)	   43,276 (100.0)	   31,230 (100.0)	   75,354 (100.0)	  141,965 (100.0)

Diagnosed hypertension
0	  146,916 (50.3)	   21,601 (49.9)	   15,066 (48.2)	   36,539 (48.5)	   73,710 (51.9)
1	  144,909 (49.7)	   21,675 (50.1)	   16,164 (51.8)	   38,815 (51.5)	   68,255 (48.1)

Heart Failure
0	  267,258 (91.6)	   39,427 (91.1)	   28,614 (91.6)	   67,908 (90.1)	  131,309 (92.5)
1	   24,567 (8.4)	    3,849 (8.9)	    2,616 (8.4)	    7,446 (9.9)	   10,656 (7.5)

Other Heart Diseases
0	  226,379 (77.6)	   33,238 (76.8)	   24,417 (78.2)	   57,740 (76.6)	  110,984 (78.2)
1	   65,446 (22.4)	   10,038 (23.2)	    6,813 (21.8)	   17,614 (23.4)	   30,981 (21.8)

Diabetes
0	  221,210 (75.8)	   32,884 (76.0)	   23,707 (75.9)	   56,837 (75.4)	  107,782 (75.9)
1	   70,615 (24.2)	   10,392 (24.0)	    7,523 (24.1)	   18,517 (24.6)	   34,183 (24.1)

Cancer
0	  251,806 (86.3)	   37,058 (85.6)	   26,980 (86.4)	   64,370 (85.4)	  123,398 (86.9)
1	   40,019 (13.7)	    6,218 (14.4)	    4,250 (13.6)	   10,984 (14.6)	   18,567 (13.1)

Immunosuppressed (combination algorithm)
0	  290,179 (99.4)	   43,071 (99.5)	   31,035 (99.4)	   75,001 (99.5)	  141,072 (99.4)
1	    1,646 (0.6)	      205 (0.5)	      195 (0.6)	      353 (0.5)	      893 (0.6)

Other Respiratory Diseases
0	  291,825 (100.0)	   43,276 (100.0)	   31,230 (100.0)	   75,354 (100.0)	  141,965 (100.0)
.	        0 (0.0)	        0 (0.0)	        0 (0.0)	        0 (0.0)	        0 (0.0)

Recent Statin
0	  150,426 (51.5)	   20,518 (47.4)	   15,990 (51.2)	   35,536 (47.2)	   78,382 (55.2)
1	  141,399 (48.5)	   22,758 (52.6)	   15,240 (48.8)	   39,818 (52.8)	   63,583 (44.8)

Recent Insulin
0	  283,101 (97.0)	   42,049 (97.2)	   30,292 (97.0)	   73,188 (97.1)	  137,572 (96.9)
1	    8,724 (3.0)	    1,227 (2.8)	      938 (3.0)	    2,166 (2.9)	    4,393 (3.1)

Oral Steroids
0	  230,237 (78.9)	   34,134 (78.9)	   23,646 (75.7)	   45,791 (60.8)	  126,666 (89.2)
1	   61,588 (21.1)	    9,142 (21.1)	    7,584 (24.3)	   29,563 (39.2)	   15,299 (10.8)

Flu vaccine
0	   88,759 (30.4)	   10,897 (25.2)	    8,647 (27.7)	   17,592 (23.3)	   51,623 (36.4)
1	  203,066 (69.6)	   32,379 (74.8)	   22,583 (72.3)	   57,762 (76.7)	   90,342 (63.6)

Pneumococcal Vaccine
0	  232,537 (79.7)	   32,442 (75.0)	   25,068 (80.3)	   60,467 (80.2)	  114,560 (80.7)
1	   59,288 (20.3)	   10,834 (25.0)	    6,162 (19.7)	   14,887 (19.8)	   27,405 (19.3)

Exacerbation in last year
0	  236,136 (80.9)	   34,746 (80.3)	   24,617 (78.8)	   54,338 (72.1)	  122,435 (86.2)
1	   55,689 (19.1)	    8,530 (19.7)	    6,613 (21.2)	   21,016 (27.9)	   19,530 (13.8)

GP consultation in last year
0	    8,475 (2.9)	      492 (1.1)	      537 (1.7)	    1,000 (1.3)	    6,446 (4.5)
1	  283,350 (97.1)	   42,784 (98.9)	   30,693 (98.3)	   74,354 (98.7)	  135,519 (95.5)

GP consultation count
Median (IQR)	9 (5-16)	10 (6-16)	10 (5-16)	11 (6-18)	8 (4-14)
Min, Max	0, 306	0, 276	0, 306	0, 229	0, 268
Exacerbation Count
Median (IQR)	0 (0-0)	0 (0-0)	0 (0-0)	0 (0-1)	0 (0-0)
Min, Max	0, 12	0, 9	0, 8	0, 12	0, 8
