Table 1: Demographic and Clinical Characteristics - COPD
	Total	LABA/LAMA Combination	ICS Combination	Other

1	  291,805 (100.0)	   43,278 (100.0)	  105,210 (100.0)	  143,317 (100.0)

Grouped age
1	    1,232 (0.4)	       85 (0.2)	      184 (0.2)	      963 (0.7)
2	   10,028 (3.4)	    1,060 (2.4)	    2,289 (2.2)	    6,679 (4.7)
3	   40,910 (14.0)	    5,746 (13.3)	   12,237 (11.6)	   22,927 (16.0)
4	   80,788 (27.7)	   12,599 (29.1)	   29,519 (28.1)	   38,670 (27.0)
5	  104,319 (35.7)	   16,092 (37.2)	   40,370 (38.4)	   47,857 (33.4)
6	   54,528 (18.7)	    7,696 (17.8)	   20,611 (19.6)	   26,221 (18.3)

Male
0	  133,738 (45.8)	   19,699 (45.5)	   48,707 (46.3)	   65,332 (45.6)
1	  158,067 (54.2)	   23,579 (54.5)	   56,503 (53.7)	   77,985 (54.4)

Grouped BMI
1	   11,359 (3.9)	    1,682 (3.9)	    4,744 (4.5)	    4,933 (3.4)
2	   89,195 (30.6)	   12,938 (29.9)	   31,858 (30.3)	   44,399 (31.0)
3	   95,443 (32.7)	   14,011 (32.4)	   33,494 (31.8)	   47,938 (33.4)
4	   55,541 (19.0)	    8,590 (19.8)	   20,278 (19.3)	   26,673 (18.6)
5	   22,054 (7.6)	    3,568 (8.2)	    8,379 (8.0)	   10,107 (7.1)
6	   10,006 (3.4)	    1,580 (3.7)	    3,945 (3.7)	    4,481 (3.1)
.	    8,207 (2.8)	      909 (2.1)	    2,512 (2.4)	    4,786 (3.3)

Smoking status
.	        0 (0.0)	        0 (0.0)	        0 (0.0)	        0 (0.0)
2	  184,400 (63.2)	   26,015 (60.1)	   69,710 (66.3)	   88,675 (61.9)
3	  107,405 (36.8)	   17,263 (39.9)	   35,500 (33.7)	   54,642 (38.1)
.	        0 (0.0)	        0 (0.0)	        0 (0.0)	        0 (0.0)

Ethnicity
1	  218,717 (75.0)	   32,455 (75.0)	   79,682 (75.7)	  106,580 (74.4)
2	      676 (0.2)	       92 (0.2)	      186 (0.2)	      398 (0.3)
3	    3,366 (1.2)	      258 (0.6)	      835 (0.8)	    2,273 (1.6)
4	    1,208 (0.4)	      103 (0.2)	      302 (0.3)	      803 (0.6)
5	    1,060 (0.4)	      113 (0.3)	      286 (0.3)	      661 (0.5)
.	   66,778 (22.9)	   10,257 (23.7)	   23,919 (22.7)	   32,602 (22.7)

Index of Multiple Deprivation (IMD)
1	   58,902 (20.2)	    8,049 (18.6)	   19,893 (18.9)	   30,960 (21.6)
2	   58,779 (20.1)	    8,419 (19.5)	   20,619 (19.6)	   29,741 (20.8)
3	   59,175 (20.3)	    8,755 (20.2)	   21,235 (20.2)	   29,185 (20.4)
4	   57,633 (19.8)	    8,431 (19.5)	   21,634 (20.6)	   27,568 (19.2)
5	   57,316 (19.6)	    9,624 (22.2)	   21,829 (20.7)	   25,863 (18.0)
.	        0 (0.0)	        0 (0.0)	        0 (0.0)	        0 (0.0)

Diabetes Severity
1	  221,197 (75.8)	   32,888 (76.0)	   79,531 (75.6)	  108,778 (75.9)
2	   51,265 (17.6)	    7,583 (17.5)	   19,011 (18.1)	   24,671 (17.2)
3	   18,561 (6.4)	    2,711 (6.3)	    6,363 (6.0)	    9,487 (6.6)
4	      782 (0.3)	       96 (0.2)	      305 (0.3)	      381 (0.3)
.	        0 (0.0)	        0 (0.0)	        0 (0.0)	        0 (0.0)



Single SABA
0	  125,025 (42.8)	   12,349 (28.5)	   21,544 (20.5)	   91,132 (63.6)
1	  166,780 (57.2)	   30,929 (71.5)	   83,666 (79.5)	   52,185 (36.4)

High Dose ICS
0	  266,112 (91.2)	   43,278 (100.0)	   79,748 (75.8)	  143,086 (99.8)
1	   25,693 (8.8)	        0 (0.0)	   25,462 (24.2)	      231 (0.2)

Low/Medium Dose ICS
0	  204,577 (70.1)	   43,278 (100.0)	   22,739 (21.6)	  138,560 (96.7)
1	   87,228 (29.9)	        0 (0.0)	   82,471 (78.4)	    4,757 (3.3)

Single ICS
0	  284,499 (97.5)	   43,278 (100.0)	  102,887 (97.8)	  138,334 (96.5)
1	    7,306 (2.5)	        0 (0.0)	    2,323 (2.2)	    4,983 (3.5)

Single SAMA
0	  288,487 (98.9)	   43,120 (99.6)	  103,725 (98.6)	  141,642 (98.8)
1	    3,318 (1.1)	      158 (0.4)	    1,485 (1.4)	    1,675 (1.2)

Single LABA
0	  283,744 (97.2)	   40,849 (94.4)	  104,356 (99.2)	  138,539 (96.7)
1	    8,061 (2.8)	    2,429 (5.6)	      854 (0.8)	    4,778 (3.3)

Single LAMA
0	  204,171 (70.0)	   38,690 (89.4)	   59,736 (56.8)	  105,745 (73.8)
1	   87,634 (30.0)	    4,588 (10.6)	   45,474 (43.2)	   37,572 (26.2)

LABA ICS
0	  216,279 (74.1)	   43,278 (100.0)	   29,684 (28.2)	  143,317 (100.0)
1	   75,526 (25.9)	        0 (0.0)	   75,526 (71.8)	        0 (0.0)

LABA LAMA
0	  245,652 (84.2)	    1,929 (4.5)	  100,406 (95.4)	  143,317 (100.0)
1	   46,153 (15.8)	   41,349 (95.5)	    4,804 (4.6)	        0 (0.0)

LABA LAMA ICS
0	  258,774 (88.7)	   43,278 (100.0)	   72,179 (68.6)	  143,317 (100.0)
1	   33,031 (11.3)	        0 (0.0)	   33,031 (31.4)	        0 (0.0)

Single LTRA
0	  291,805 (100.0)	   43,278 (100.0)	  105,210 (100.0)	  143,317 (100.0)
.	        0 (0.0)	        0 (0.0)	        0 (0.0)	        0 (0.0)

Evidence of obesity (4 categories)
.	        0 (0.0)	        0 (0.0)	        0 (0.0)	        0 (0.0)
1	  204,204 (70.0)	   29,540 (68.3)	   72,608 (69.0)	  102,056 (71.2)

Smoking status (missing set to non)
.	        0 (0.0)	        0 (0.0)	        0 (0.0)	        0 (0.0)
.	        0 (0.0)	        0 (0.0)	        0 (0.0)	        0 (0.0)

Index of Multiple Deprivation (IMD)
.	        0 (0.0)	        0 (0.0)	        0 (0.0)	        0 (0.0)
1	   58,902 (20.2)	    8,049 (18.6)	   19,893 (18.9)	   30,960 (21.6)

Chronic kidney disease
0	  241,927 (82.9)	   35,547 (82.1)	   86,857 (82.6)	  119,523 (83.4)
1	   49,878 (17.1)	    7,731 (17.9)	   18,353 (17.4)	   23,794 (16.6)

Diagnosed hypertension
0	  146,895 (50.3)	   21,595 (49.9)	   50,961 (48.4)	   74,339 (51.9)
1	  144,910 (49.7)	   21,683 (50.1)	   54,249 (51.6)	   68,978 (48.1)

Heart Failure
0	  267,221 (91.6)	   39,424 (91.1)	   95,255 (90.5)	  132,542 (92.5)
1	   24,584 (8.4)	    3,854 (8.9)	    9,955 (9.5)	   10,775 (7.5)

Other Heart Diseases
0	  226,356 (77.6)	   33,233 (76.8)	   81,114 (77.1)	  112,009 (78.2)
1	   65,449 (22.4)	   10,045 (23.2)	   24,096 (22.9)	   31,308 (21.8)

Diabetes Severity
.	        0 (0.0)	        0 (0.0)	        0 (0.0)	        0 (0.0)
1	  221,197 (75.8)	   32,888 (76.0)	   79,531 (75.6)	  108,778 (75.9)

Cancer
0	  251,789 (86.3)	   37,060 (85.6)	   90,144 (85.7)	  124,585 (86.9)
1	   40,016 (13.7)	    6,218 (14.4)	   15,066 (14.3)	   18,732 (13.1)

Recent Statin
0	  150,420 (51.5)	   20,517 (47.4)	   50,894 (48.4)	   79,009 (55.1)
1	  141,385 (48.5)	   22,761 (52.6)	   54,316 (51.6)	   64,308 (44.9)

Flu vaccine
0	   73,828 (25.3)	    8,683 (20.1)	   19,904 (18.9)	   45,241 (31.6)
1	  217,977 (74.7)	   34,595 (79.9)	   85,306 (81.1)	   98,076 (68.4)

Pneumococcal Vaccine
0	  231,323 (79.3)	   32,266 (74.6)	   83,906 (79.8)	  115,151 (80.3)
1	   60,482 (20.7)	   11,012 (25.4)	   21,304 (20.2)	   28,166 (19.7)

Exacerbation in last year
0	  236,123 (80.9)	   34,748 (80.3)	   77,858 (74.0)	  123,517 (86.2)
1	   55,682 (19.1)	    8,530 (19.7)	   27,352 (26.0)	   19,800 (13.8)

Asthma ever
0	  236,592 (81.1)	   37,705 (87.1)	   76,033 (72.3)	  122,854 (85.7)
1	   55,213 (18.9)	    5,573 (12.9)	   29,177 (27.7)	   20,463 (14.3)

Immunosuppressed (combination algorithm)
0	  290,160 (99.4)	   43,073 (99.5)	  104,672 (99.5)	  142,415 (99.4)
1	    1,645 (0.6)	      205 (0.5)	      538 (0.5)	      902 (0.6)

GP consultation count
Median (IQR)	9 (5-16)	10 (6-16)	10 (6-17)	8 (4-14)
Mean (SD)	12.187396 (11.622789)	12.717362 (11.317122)	13.427649 (12.261341)	. (.)	11.116881 (11.119912)
Min, Max	0, 306	0, 276	0, 306	0, 268
Exacerbation Count
Median (IQR)	0 (0-0)	0 (0-0)	0 (0-1)	0 (0-0)
Mean (SD)	.25923134 (.6250151)	.25805259 (.59780755)	.37812946 (.77131635)	. (.)	.17230336 (.48248757)
Min, Max	0, 12	0, 9	0, 12	0, 8
Age (years)
Median (IQR)	71 (63-77)	71 (63-77)	72 (64-78)	70 (61-77)
Mean (SD)	69.76143 (10.764341)	70.028282 (10.095239)	70.759234 (10.054315)	. (.)	68.948352 (11.380913)
Min, Max	35, 103	35, 100	35, 102	35, 103
