Table 1: Demographic and Clinical Characteristics - COPD
	Total	LABA/LAMA Combination	ICS Combination	Other

1	  291,825 (100.0)	   43,276 (100.0)	  105,231 (100.0)	  143,318 (100.0)

Grouped age
1	    1,232 (0.4)	       85 (0.2)	      185 (0.2)	      962 (0.7)
2	   10,025 (3.4)	    1,060 (2.4)	    2,290 (2.2)	    6,675 (4.7)
3	   40,908 (14.0)	    5,746 (13.3)	   12,238 (11.6)	   22,924 (16.0)
4	   80,784 (27.7)	   12,595 (29.1)	   29,523 (28.1)	   38,666 (27.0)
5	  104,338 (35.8)	   16,096 (37.2)	   40,378 (38.4)	   47,864 (33.4)
6	   54,538 (18.7)	    7,694 (17.8)	   20,617 (19.6)	   26,227 (18.3)

Male
0	  133,750 (45.8)	   19,696 (45.5)	   48,713 (46.3)	   65,341 (45.6)
1	  158,075 (54.2)	   23,580 (54.5)	   56,518 (53.7)	   77,977 (54.4)

Grouped BMI
1	   11,356 (3.9)	    1,682 (3.9)	    4,744 (4.5)	    4,930 (3.4)
2	   89,184 (30.6)	   12,935 (29.9)	   31,863 (30.3)	   44,386 (31.0)
3	   95,463 (32.7)	   14,009 (32.4)	   33,504 (31.8)	   47,950 (33.5)
4	   55,545 (19.0)	    8,587 (19.8)	   20,281 (19.3)	   26,677 (18.6)
5	   22,063 (7.6)	    3,572 (8.3)	    8,381 (8.0)	   10,110 (7.1)
6	   10,008 (3.4)	    1,579 (3.6)	    3,947 (3.8)	    4,482 (3.1)
.	    8,206 (2.8)	      912 (2.1)	    2,511 (2.4)	    4,783 (3.3)

Smoking status
.	        0 (0.0)	        0 (0.0)	        0 (0.0)	        0 (0.0)
2	  184,415 (63.2)	   26,011 (60.1)	   69,711 (66.2)	   88,693 (61.9)
3	  107,410 (36.8)	   17,265 (39.9)	   35,520 (33.8)	   54,625 (38.1)
.	        0 (0.0)	        0 (0.0)	        0 (0.0)	        0 (0.0)

Ethnicity
1	  218,731 (75.0)	   32,453 (75.0)	   79,701 (75.7)	  106,577 (74.4)
2	      674 (0.2)	       92 (0.2)	      185 (0.2)	      397 (0.3)
3	    3,365 (1.2)	      258 (0.6)	      833 (0.8)	    2,274 (1.6)
4	    1,210 (0.4)	      103 (0.2)	      302 (0.3)	      805 (0.6)
5	    1,058 (0.4)	      113 (0.3)	      287 (0.3)	      658 (0.5)
.	   66,787 (22.9)	   10,257 (23.7)	   23,923 (22.7)	   32,607 (22.8)

Index of Multiple Deprivation (IMD)
1	   58,961 (20.2)	    8,055 (18.6)	   19,917 (18.9)	   30,989 (21.6)
2	   58,783 (20.1)	    8,426 (19.5)	   20,632 (19.6)	   29,725 (20.7)
3	   59,164 (20.3)	    8,748 (20.2)	   21,228 (20.2)	   29,188 (20.4)
4	   57,620 (19.7)	    8,422 (19.5)	   21,632 (20.6)	   27,566 (19.2)
5	   57,297 (19.6)	    9,625 (22.2)	   21,822 (20.7)	   25,850 (18.0)
.	        0 (0.0)	        0 (0.0)	        0 (0.0)	        0 (0.0)

Diabetes Severity
1	  221,210 (75.8)	   32,884 (76.0)	   79,548 (75.6)	  108,778 (75.9)
2	   51,260 (17.6)	    7,583 (17.5)	   19,012 (18.1)	   24,665 (17.2)
3	   18,572 (6.4)	    2,712 (6.3)	    6,366 (6.0)	    9,494 (6.6)
4	      783 (0.3)	       97 (0.2)	      305 (0.3)	      381 (0.3)
.	        0 (0.0)	        0 (0.0)	        0 (0.0)	        0 (0.0)



Single SABA
0	  125,029 (42.8)	   12,351 (28.5)	   21,545 (20.5)	   91,133 (63.6)
1	  166,796 (57.2)	   30,925 (71.5)	   83,686 (79.5)	   52,185 (36.4)

High Dose ICS
0	  266,115 (91.2)	   43,276 (100.0)	   79,752 (75.8)	  143,087 (99.8)
1	   25,710 (8.8)	        0 (0.0)	   25,479 (24.2)	      231 (0.2)

Low/Medium Dose ICS
0	  204,589 (70.1)	   43,276 (100.0)	   22,752 (21.6)	  138,561 (96.7)
1	   87,236 (29.9)	        0 (0.0)	   82,479 (78.4)	    4,757 (3.3)

Single ICS
0	  284,518 (97.5)	   43,276 (100.0)	  102,907 (97.8)	  138,335 (96.5)
1	    7,307 (2.5)	        0 (0.0)	    2,324 (2.2)	    4,983 (3.5)

Single SAMA
0	  288,504 (98.9)	   43,117 (99.6)	  103,744 (98.6)	  141,643 (98.8)
1	    3,321 (1.1)	      159 (0.4)	    1,487 (1.4)	    1,675 (1.2)

Single LABA
0	  283,764 (97.2)	   40,846 (94.4)	  104,377 (99.2)	  138,541 (96.7)
1	    8,061 (2.8)	    2,430 (5.6)	      854 (0.8)	    4,777 (3.3)

Single LAMA
0	  204,166 (70.0)	   38,687 (89.4)	   59,747 (56.8)	  105,732 (73.8)
1	   87,659 (30.0)	    4,589 (10.6)	   45,484 (43.2)	   37,586 (26.2)

LABA ICS
0	  216,281 (74.1)	   43,276 (100.0)	   29,687 (28.2)	  143,318 (100.0)
1	   75,544 (25.9)	        0 (0.0)	   75,544 (71.8)	        0 (0.0)

LABA LAMA
0	  245,675 (84.2)	    1,930 (4.5)	  100,427 (95.4)	  143,318 (100.0)
1	   46,150 (15.8)	   41,346 (95.5)	    4,804 (4.6)	        0 (0.0)

LABA LAMA ICS
0	  258,791 (88.7)	   43,276 (100.0)	   72,197 (68.6)	  143,318 (100.0)
1	   33,034 (11.3)	        0 (0.0)	   33,034 (31.4)	        0 (0.0)

Single LTRA
0	  291,825 (100.0)	   43,276 (100.0)	  105,231 (100.0)	  143,318 (100.0)
.	        0 (0.0)	        0 (0.0)	        0 (0.0)	        0 (0.0)

Asthma ever
0	  236,606 (81.1)	   37,702 (87.1)	   76,054 (72.3)	  122,850 (85.7)
1	   55,219 (18.9)	    5,574 (12.9)	   29,177 (27.7)	   20,468 (14.3)

Chronic kidney disease
0	  241,951 (82.9)	   35,550 (82.1)	   86,877 (82.6)	  119,524 (83.4)
1	   49,874 (17.1)	    7,726 (17.9)	   18,354 (17.4)	   23,794 (16.6)

COPD
.	        0 (0.0)	        0 (0.0)	        0 (0.0)	        0 (0.0)
1	  291,825 (100.0)	   43,276 (100.0)	  105,231 (100.0)	  143,318 (100.0)

Diagnosed hypertension
0	  146,916 (50.3)	   21,601 (49.9)	   50,976 (48.4)	   74,339 (51.9)
1	  144,909 (49.7)	   21,675 (50.1)	   54,255 (51.6)	   68,979 (48.1)

Heart Failure
0	  267,258 (91.6)	   39,427 (91.1)	   95,281 (90.5)	  132,550 (92.5)
1	   24,567 (8.4)	    3,849 (8.9)	    9,950 (9.5)	   10,768 (7.5)

Other Heart Diseases
0	  226,379 (77.6)	   33,238 (76.8)	   81,130 (77.1)	  112,011 (78.2)
1	   65,446 (22.4)	   10,038 (23.2)	   24,101 (22.9)	   31,307 (21.8)

Diabetes
0	  221,210 (75.8)	   32,884 (76.0)	   79,548 (75.6)	  108,778 (75.9)
1	   70,615 (24.2)	   10,392 (24.0)	   25,683 (24.4)	   34,540 (24.1)

Cancer
0	  251,806 (86.3)	   37,058 (85.6)	   90,165 (85.7)	  124,583 (86.9)
1	   40,019 (13.7)	    6,218 (14.4)	   15,066 (14.3)	   18,735 (13.1)

Immunosuppressed (combination algorithm)
0	  290,179 (99.4)	   43,071 (99.5)	  104,693 (99.5)	  142,415 (99.4)
1	    1,646 (0.6)	      205 (0.5)	      538 (0.5)	      903 (0.6)

Other Respiratory Diseases
0	  291,825 (100.0)	   43,276 (100.0)	  105,231 (100.0)	  143,318 (100.0)
.	        0 (0.0)	        0 (0.0)	        0 (0.0)	        0 (0.0)

Recent Statin
0	  150,426 (51.5)	   20,518 (47.4)	   50,905 (48.4)	   79,003 (55.1)
1	  141,399 (48.5)	   22,758 (52.6)	   54,326 (51.6)	   64,315 (44.9)

Recent Insulin
0	  283,101 (97.0)	   42,049 (97.2)	  102,164 (97.1)	  138,888 (96.9)
1	    8,724 (3.0)	    1,227 (2.8)	    3,067 (2.9)	    4,430 (3.1)

Oral Steroids
0	  230,237 (78.9)	   34,134 (78.9)	   68,402 (65.0)	  127,701 (89.1)
1	   61,588 (21.1)	    9,142 (21.1)	   36,829 (35.0)	   15,617 (10.9)

Flu vaccine
0	   88,759 (30.4)	   10,897 (25.2)	   25,862 (24.6)	   52,000 (36.3)
1	  203,066 (69.6)	   32,379 (74.8)	   79,369 (75.4)	   91,318 (63.7)

Pneumococcal Vaccine
0	  232,537 (79.7)	   32,442 (75.0)	   84,433 (80.2)	  115,662 (80.7)
1	   59,288 (20.3)	   10,834 (25.0)	   20,798 (19.8)	   27,656 (19.3)

Exacerbation in last year
0	  236,136 (80.9)	   34,746 (80.3)	   77,871 (74.0)	  123,519 (86.2)
1	   55,689 (19.1)	    8,530 (19.7)	   27,360 (26.0)	   19,799 (13.8)

GP consultation in last year
0	    8,475 (2.9)	      492 (1.1)	    1,511 (1.4)	    6,472 (4.5)
1	  283,350 (97.1)	   42,784 (98.9)	  103,720 (98.6)	  136,846 (95.5)

GP consultation count
Median (IQR)	9 (5-16)	10 (6-16)	10 (6-17)	8 (4-14)
Min, Max	0, 306	0, 276	0, 306	0, 268
Exacerbation Count
Median (IQR)	0 (0-0)	0 (0-0)	0 (0-1)	0 (0-0)
Min, Max	0, 12	0, 9	0, 12	0, 8
